n	allocate	freeUp	freeDown	freeScattered
1	427.541	145.51	151.694	171.367
2	431.163	150.551	151.714	172.939
3	430.949	145.663	151.214	172.449
4	435.612	148.327	151.224	171.857
5	428.929	146.684	151.143	170.5
6	431.847	145.327	152.908	170.776
7	435.724	148.98	151.133	171.5
8	431.684	147.98	151.673	170.286
9	432.653	147.898	151.173	173.306
10	424.398	147.194	152.796	170.143
11	425.694	146.959	150.837	170.378
12	428.714	148.031	154.245	172.673
13	439.204	148.408	153	172.949
14	425.98	147.643	151.969	170.092
15	429.316	147.082	151.531	170.327
16	425.684	146.143	150.878	171.367
17	425.939	146.367	152.296	171.459
18	426.551	146.286	151.898	172.255
19	436.939	146.51	152.357	170.816
20	441.327	145.643	150.878	169.388
21	442.602	147.633	152	169.633
22	424.786	146.439	152.378	169.949
23	426.255	146.194	151.143	171.235
24	439.796	149.173	151.449	170.816
25	517.469	153.582	187.5	183.357
26	497.449	151.061	195.235	183.582
27	502.459	151.571	186.694	182.571
28	514.316	154.378	187.367	184.867
29	500.755	152.653	188.5	184.459
30	509.469	152.776	186.653	185.398
31	503.643	152.929	186.398	184.786
32	510.092	153.469	189.245	185.622
33	509.316	152.908	186.541	184.633
34	509.194	153.459	188.265	182.265
35	504.531	152.724	186.5	184.714
36	511.418	152.969	186.959	183.908
37	508.306	152.837	195.939	183.684
38	516.092	153.459	185.459	183.796
39	520.204	155.633	187.459	184.796
40	514.531	151.959	186.612	184.071
41	595.592	145.612	201.929	193.816
42	603.857	147.337	201.041	194.316
43	601.071	148.071	202.347	195.173
44	597.5	145.816	200.786	195.061
45	602.265	146.837	201.592	193.827
46	599.918	147.673	203.02	193.745
47	596.133	146.51	199.602	194.806
48	593.714	144.888	205.469	194.041
49	597.051	145.745	201.939	195.041
50	595.082	145.745	201.571	197.224
51	613.694	146.429	200.429	192.592
52	623.459	154.541	201.867	195.061
53	596.786	145.765	201.633	203.837
54	601.051	146.469	201.796	194.827
55	610.602	145.408	199.653	194.867
56	596.541	145.296	201.908	193.847
57	678.367	153.878	190.827	204.459
58	680.5	152.571	190.622	199.653
59	679.684	153.122	189.541	200.061
60	680.041	153.898	189.49	201.633
61	677.643	153.541	189.806	200.857
62	684.847	154.092	191.806	201.367
63	684.245	153.5	191.214	200.633
64	676.867	152.612	190.622	198.51
65	683.776	154.245	191.327	201.01
66	677.622	152.704	196.031	202.071
67	686.622	153.092	190.02	199.592
68	675.592	152.724	191.102	201.122
69	678.959	154.255	190.52	201.684
70	681.51	152.643	191.898	201.378
71	688.857	152.327	189.776	200.327
72	692.102	152.602	190.041	201.949
73	754.49	282.98	787.898	405.112
74	754.112	281.898	805.367	411.276
75	762.796	281.204	804.398	408.765
76	753.48	281.541	800.99	407.541
77	754.878	283.469	800.5	407.122
78	761.827	289.918	791.214	399.357
79	756.112	284.735	789.459	414.551
80	757.673	281.929	806.888	410.837
81	755.327	282.194	794.694	407.806
82	751.265	282.286	796.01	407.745
83	750.582	280.347	802.133	407.724
84	752.235	282.551	813.48	412.837
85	758.959	284.541	766.51	409.418
86	747.204	280.224	749.245	411.276
87	748.724	280.449	777.041	407.98
88	757.878	281.867	790.816	406.143
89	837.602	302.806	793.755	452.949
90	831.704	302.592	805.204	448.112
91	844.633	299.316	787.704	450.633
92	840.561	300.48	788.592	453.347
93	843.408	302.173	809.469	442.48
94	840.592	299.337	795.306	449.071
95	844.898	301.786	795.071	452.959
96	852.541	304.837	799.235	437.429
97	843.327	299.561	799.398	451.02
98	839.827	307.684	805.265	448.541
99	842.327	300.337	806.643	451.224
100	843.133	301.796	793.439	447.929
101	849.173	306.786	798.367	451.847
102	840.061	299.918	793.408	448.5
103	840.194	299.602	789.622	449.52
104	845.816	302.592	796.224	452.378
105	942.112	328.857	976.684	482.469
106	931.918	332.735	985.918	480.867
107	939.745	329.602	960.378	483.112
108	943	330.663	963.184	480.102
109	946.316	331.265	960.847	482.52
110	954.929	327.949	968	487.378
111	941.949	328.357	960.969	483.5
112	942.143	327.061	957.398	491.122
113	943.439	326.347	981	490.041
114	951.194	332.265	962.306	487.633
115	954.255	339.663	951.918	481.806
116	938.306	323.01	973.806	487.867
117	948.541	326.806	967.755	493.337
118	956.724	325.449	978.245	484.551
119	946.551	326.143	962.633	478.612
120	942.786	332.429	967.357	494.592
121	1019.86	330.816	1001.69	468.286
122	1015.3	329.378	983.582	480.337
123	1002.86	329.316	993.418	481.837
124	1004.3	327.276	1005.76	480.602
125	1011.1	329.959	990.51	483.224
126	1007.81	328.602	978.551	480.561
127	1016.03	330.449	993.837	476.929
128	1019.02	334.122	990.051	485.592
129	1008.89	331.041	995.041	480.347
130	1006.47	324.827	1000.84	482.245
131	1009.56	330.867	992.949	475.653
132	1008.21	330.592	989.796	479.357
133	1020.4	333.276	1018.12	480.276
134	1012.68	330	1000.5	481.388
135	1007.63	329.929	996.531	482.939
136	1023.04	333.592	996.571	479.724
137	1113.95	361.224	1134.37	475.245
138	1117.77	361.061	1132.84	474.357
139	1116.29	355.745	1131.33	479.929
140	1105.68	354.888	1138.13	473.663
141	1121.76	359.837	1140.82	478.541
142	1125.19	358.02	1143.88	490.102
143	1115.14	356.745	1132.68	480.969
144	1120.88	361.429	1132.12	493.673
145	1147.22	369.49	1135.58	469.806
146	1109.29	355.653	1165.32	476.184
147	1123.01	361.194	1141.35	489.959
148	1105.96	353.684	1116.5	482.714
149	1108.9	357.5	1131.95	482.082
150	1117.21	365.949	1153.12	480.153
151	1118.79	358.082	1145.47	477.143
152	1114.22	354.327	1133.8	493.724
153	1184.72	372.765	1146.97	530.867
154	1177.21	366.286	1167.89	543.194
155	1189.8	383.653	1155.23	532.265
156	1183.5	369.429	1174.7	531.286
157	1184.51	370.48	1160.15	527.541
158	1189.01	372.49	1163.48	535.378
159	1174.46	363.633	1171.59	528.224
160	1183.7	370	1165.01	528.092
161	1191.07	367.418	1164.51	530.276
162	1175.67	365.173	1184.13	533.367
163	1179.58	363.857	1168.34	531.816
164	1175.01	365.286	1169.99	527.51
165	1176.53	365.724	1165.11	539.449
166	1184.72	367.49	1154.7	531.061
167	1168.9	361.98	1144.57	530.888
168	1183.87	364.327	1180.85	525.857
169	1288.31	392.867	1324.38	552.949
170	1296.05	397.102	1320.96	552.061
171	1290.57	389.071	1310.97	542.857
172	1296.08	397.398	1305.93	550.837
173	1287.28	393.051	1304.62	550.449
174	1286.73	398.235	1303.22	544.296
175	1289.87	395.092	1287.01	549.122
176	1292.84	395.622	1307.68	546.898
177	1285.79	389.745	1306.16	547.612
178	1299.42	393.112	1316	546.592
179	1283.01	393.429	1326.65	548.541
180	1295.74	396.949	1305.43	545.602
181	1303	401.245	1304.5	552.735
182	1287.87	394.031	1315.65	552.898
183	1281.36	392.582	1317.41	549.316
184	1299.4	401.214	1314.63	551.286
185	1414.92	436.786	1310.74	589.592
186	1265.55	380.765	1339.63	588.235
187	1420.26	446.929	1328.4	593.418
188	1417.09	444.684	1350.46	598.5
189	1421.39	442.827	1314.86	592.041
190	1422.82	450.357	1342.89	585.122
191	1429.89	442.959	1344.2	594.163
192	1433.27	448.133	1343.03	584.735
193	1428.33	444.194	1332.22	590.878
194	1428.37	450.847	1339	592.173
195	1430.85	446.316	1348.71	592.255
196	1437.35	450.133	1326.58	590.031
197	1426.34	443.255	1325.09	589.704
198	1422.91	447.929	1357.31	589.276
199	1425.35	441.939	1326.61	589.143
200	1412.81	437.98	1346.72	590.296
201	1538.03	484.694	1462.09	601.347
202	1514.21	469.918	1506.16	599.551
203	1516.77	486.378	1474.92	599.694
204	1518.34	475.286	1480.1	592.755
205	1514.05	474.561	1468.28	594.959
206	1511.43	468.439	1462.8	605.969
207	1541.82	487.694	1472.61	597.786
208	1529.91	473.367	1468.64	609.184
209	1523.3	479.612	1471.89	604.796
210	1525.85	470.173	1491.78	593.01
211	1536.86	479.5	1464.74	600.061
212	1517.7	467.908	1453.52	602.224
213	1512.05	472.306	1424.96	607.082
214	1520.62	474.082	1544.89	607.929
215	1522.72	474.316	1466.51	602.867
216	1527.13	471.745	1499.17	599.418
217	1607.35	504.337	1562.44	649.551
218	1611.02	491.316	1541.78	650.01
219	1611.53	496.745	1538.12	655.918
220	1616.76	497.439	1509.98	673.898
221	1618.24	505.561	1579.07	668.306
222	1624.76	508.061	1527.26	669.265
223	1619.95	510.296	1550.78	665.071
224	1606.54	501.735	1489.15	663.765
225	1630.01	503.735	1512.63	666.388
226	1622.53	499.041	1517.01	651.316
227	1641.33	511.582	1497.49	659.755
228	1620.8	504.827	1502.41	675.143
229	1618.09	501.857	1511.04	662.745
230	1601.93	496.327	1511.35	622.827
231	1605.08	501.694	1517.79	656.214
232	1605.78	498.816	1494.37	644.582
233	1670.78	913.5	1692.61	848.51
234	1675.43	921.776	1675.71	851.571
235	1697.95	935.51	1688.94	849.847
236	1684.4	924.969	1700.4	845.306
237	1682.81	921.755	1672.29	850.378
238	1680.14	923.531	1689.76	849.245
239	1676.08	918.429	1692.47	846.969
240	1690.67	932.255	1697.65	837.163
241	1669.78	922.306	1688.72	835.276
242	1675.43	928.102	1660.53	822.031
243	1681.04	921.663	1763.71	830.653
244	1673.24	926.939	1678.51	830.714
245	1693.79	925.561	1718.51	830.571
246	1694.31	927.408	1725.35	827.306
247	1685.84	922.765	1745.6	833.837
248	1677.6	915.847	1690.98	828.276
249	1782.34	559.633	1745.85	715.612
250	1780.86	553.939	1760.33	709.571
251	1768.54	548.929	1739.74	703.745
252	1771.65	553.469	1713.11	714.255
253	1770.64	562.5	1740.68	711.48
254	1770.73	554.459	1713.88	710.673
255	1782.56	549.959	1721.87	721.367
256	1778.53	551.02	1698.96	709.643
257	1777.09	557.398	1719.9	710.235
258	1770.62	552.286	1722.94	709.98
259	1785.08	560.898	1749.62	714.449
260	1787.65	557.735	1708.57	711.357
261	1760.1	550.898	1734.55	714.724
262	1751.74	548.959	1721.94	708.531
263	1776.88	553.429	1702.41	720.367
264	1767.38	548.796	1735.64	709.765
265	1863.38	574.439	1720.99	710.857
266	1863.49	575.327	1760.03	707.449
267	1858.07	573.837	1730.93	712.082
268	1861.3	571.561	1794.62	723.602
269	1865.44	579.51	1719.44	719.143
270	1873.71	591.592	1780.51	708.398
271	1862.44	578.571	1723.6	706.245
272	1855.72	577.908	1685.7	713.204
273	1866.51	580.776	1744.94	705.071
274	1851.23	578.408	1737.41	714.01
275	1871.24	578.316	1756.39	715.276
276	1866.01	579.643	1722.86	713.827
277	1884.48	584.092	1748.72	706.847
278	1851.09	578.959	1746.31	709.367
279	1869.94	575.51	1721.7	711.541
280	1849.67	576.959	1696.55	711
281	1952.27	601.265	1956.29	777.214
282	1954.99	592.408	1898.64	766.929
283	1912.92	573	1944.28	772.347
284	1927.5	581.755	1927.32	769.337
285	1934.68	580.102	1905.03	762.153
286	1944.32	576.694	1926.79	777.724
287	1940.44	580.633	1924.86	770.52
288	1943.44	578.592	1985.22	759.48
289	1935.64	575.867	1917.06	775.184
290	1947.07	585.296	1989.71	767.367
291	1939.34	585.378	1914.64	768.459
292	1932.7	602.714	1895.19	768.582
293	1936.45	584.918	1985.06	768.602
294	1948.88	584.143	1968.22	777.031
295	1933.59	584.01	1969.67	776.194
296	1939.6	585.48	1927.55	775.398
297	2043.03	616.776	1927.9	776.286
298	2015.45	607.694	1938.57	780.908
299	2042.21	641.306	1942.6	782.908
300	2053.19	637.102	1935.9	773.939
301	2042.98	635.49	1947.72	771.092
302	2055.96	636.184	1944.18	765.592
303	2052.18	641.163	1908.03	774.071
304	2052.34	636.357	1943.93	766.878
305	2035.96	631.316	1919.46	774.51
306	2047.73	633.888	1944.55	784.357
307	2045.97	632.214	1921.62	767.735
308	2035.32	629.653	1969.66	767.571
309	2039.01	632.143	1949.36	779.673
310	2019.72	624.337	1931.62	774.908
311	2061.39	624.296	1910.96	769.459
312	2035.52	621.48	1918.73	783.337
313	2138.43	655.694	1985.99	829.694
314	2132.55	642.582	2032.43	826.551
315	2108.49	637.245	2049	826.01
316	2066.99	623.051	2025.09	826.837
317	2122.02	651.112	2041.62	824.643
318	2120.61	646.878	2024.36	830.786
319	2120.29	644.541	2042.62	839.071
320	2137.53	668.112	2043.49	828.724
321	2116.16	651.959	1996.01	836.582
322	2115.29	649.01	2028.59	829.439
323	2152.68	693.367	2033.5	831.816
324	2115.31	662.337	1998.47	837.367
325	2138.7	658.5	2037.78	833.612
326	2127.91	652.592	2034.94	839.214
327	2146.56	686.327	2024.84	818.51
328	2161.03	675.286	2020.51	828.439
329	2242.57	703.102	2141.56	831.51
330	2206.95	672.98	2129.74	833.949
331	2226.82	691.102	2149.12	826.459
332	2184.35	672.082	2114.62	837.571
333	2220.01	689.643	2094.07	843.908
334	2208.43	668.602	2127.72	852.296
335	2207.16	670.786	2172.5	840.286
336	2209.54	669.214	2142.04	829.194
337	2225.6	661.724	2095.68	849.224
338	2208.92	690.194	2121.12	837.827
339	2185.27	671.306	2108.54	841.255
340	2204.03	674.48	2129.56	851.378
341	2209.29	663.949	2159.5	852.51
342	2209.65	662.01	2117.66	844.48
343	2208.36	663.02	2122.53	857.306
344	2192.79	671.694	2164.21	848.153
345	2277.27	686.796	2281.84	899.061
346	2283.36	693.582	2294.09	915.429
347	2167.51	647.061	2289.35	905.316
348	2300.39	679.959	2318.46	906.837
349	2306.17	709.367	2285.82	903.827
350	2347.83	721.776	2314.14	896.571
351	2331.64	710.408	2319.52	886.388
352	2293.63	718.122	2384.62	906.98
353	2316.18	734.082	2282.35	904.755
354	2307.76	720.765	2316.73	898.194
355	2345.06	719.684	2313.29	908.061
356	2327.03	725.204	2290.84	906.102
357	2351.48	738.633	2376.19	894.939
358	2345.15	741.898	2404.01	891.418
359	2335.64	739.398	2281.7	887.204
360	2313.91	725.367	2320.12	891.214
361	2404	776.582	2496.92	957.459
362	2417.36	782.643	2514.74	947.133
363	2425.06	789.276	2482.97	962.214
364	2435.12	790.51	2522.73	953.51
365	2423.14	778.806	2493.16	956.571
366	2431.93	759.857	2495.45	947.847
367	2442.98	780.939	2506.52	950.337
368	2428.26	769.959	2486.27	942.714
369	2404.46	774.337	2522.4	948.949
370	2424.72	775.337	2506.01	946.959
371	2407.98	779.633	2503.17	938.5
372	2414.3	777.347	2495.46	938.01
373	2412.87	767.714	2528.05	951.173
374	2416.59	771.031	2507.09	992.796
375	2407.8	766.561	2507.65	953.684
376	2435.05	770.112	2450.74	965.061
377	2526.47	772.551	2666.22	955.449
378	2538.33	772.49	2744.13	948.531
379	2499.18	752.98	2720.59	948.806
380	2495.67	754.745	2692.72	949.98
381	2512.19	762.765	2698.9	944.806
382	2514.56	762.99	2643.02	942.051
383	2505.82	747.663	2707.66	952.755
384	2513.51	751.878	2673.56	963.571
385	2511.21	755.286	2658.95	951.755
386	2509.73	757.694	2622.61	956
387	2526.08	761.908	2628.55	942.102
388	2499.27	754.153	2696.99	934.643
389	2518.44	751.01	2661.77	949.071
390	2539.23	776.622	2696.04	949.031
391	2493.81	755.51	2666.28	955.133
392	2526.57	763.98	2662	961.337
393	2600.08	782.112	2726.77	932.143
394	2623.37	794.429	2683.6	934.245
395	2616.97	792.551	2679.7	946.204
396	2612.68	796.571	2726.49	942.071
397	2643.11	804.561	2732.5	960.265
398	2653.84	807.694	2663.31	949
399	2592.65	791.449	2697.79	947.449
400	2638.68	793.153	2781.57	947.214
401	2642.76	814.765	2724.99	956.449
402	2624.64	792.582	2680.63	940.061
403	2638.89	807.52	2719.99	924.837
404	2634	788.765	2656.81	936.439
405	2625.72	821.49	2668.66	951.714
406	2636.26	804.847	2783.8	938.276
407	2635.64	795.378	2700.49	953.48
408	2615.9	805.347	2733.7	952.908
409	2709.55	822.153	2902.59	1061.06
410	2657.65	799.398	2870.53	1027.88
411	2706.34	814.806	2897.11	1027.76
412	2710.3	812.296	2868.81	1029.83
413	2677.15	817.622	2859.96	1056.21
414	2673.07	793.959	2879.97	1018.38
415	2717.65	839.367	2914.21	1044.9
416	2703.66	816.306	2922.24	1050.14
417	2694.14	808.806	2875.68	1035.98
418	2684.96	794.714	2913.82	1045.53
419	2689.54	795.776	2904.77	1031.12
420	2672.03	801.337	2928.33	1071.13
421	2728.26	826.071	2920.03	1057.49
422	2718.2	817.469	2923.38	1054.65
423	2701.95	799.765	2858.97	1025.51
424	2687.04	812.51	2892.99	1077.41
425	2831.41	835.714	2974.69	1024.57
426	2874.07	870.184	2930.01	1010.31
427	2904.14	880.898	2950.1	1019.28
428	2923.36	877.867	2928.3	1031.4
429	2871.15	856.265	2906.48	1024.56
430	2869.77	866.357	2867.57	1025.37
431	3007.52	904.204	2903.28	1029.12
432	2882.71	869.847	2920.22	1011.02
433	2876.54	866.643	2936.38	1030.39
434	2841.53	849.714	2764.17	1021.46
435	2919.93	875.122	2925.4	1024.06
436	2897.02	876.082	2938.93	1015.57
437	2878.59	872.52	2902.96	1012.87
438	2937.51	885.776	2916.97	1017.97
439	2837.4	838.112	2981.14	1014.54
440	2887.91	864.898	2961.69	1038.93
441	3055.76	905.071	3031.49	1048.66
442	3023.79	896.102	3121.12	1060.64
443	3031.66	868.704	3049.54	1055.35
444	2993.82	930.99	3037.99	1061.81
445	3059.23	903.714	3105.54	1051.64
446	2955.68	877.806	2988.55	1057.02
447	3052.37	918.235	3063.34	1064.41
448	2970.76	875.551	3084.42	1027.88
449	3020.93	897.531	3037.83	1062.58
450	2968.03	887.735	3045.96	1039.74
451	2978.15	881.184	2937.5	1054.23
452	3138.15	946.286	3078.44	1049.85
453	3011.54	902.816	3063.79	1055.22
454	2999.7	889.796	3085.58	1054.91
455	3047.35	907.5	3087.9	1057.95
456	3072.99	916.867	3069.82	1058.24
457	2988.89	881.133	3117.07	1045.61
458	3016.78	879.163	3160.59	1048.6
459	3080.28	895.643	3298.37	1042.45
460	3048.3	894.51	3198.4	1030.62
461	3055.61	882.786	3170.88	1043.52
462	2882.56	837.684	3296.89	1050.16
463	3046.8	894.357	3224.46	1073.41
464	3043.64	892.48	3177.08	1045.11
465	3004.69	883.316	3255.68	1054.71
466	2986.12	884.5	3185.54	1046.52
467	3033.97	887.592	3342.26	1040.33
468	3016.9	890.071	3153.86	1022.98
469	3060.16	889.99	3284.72	1057.49
470	2982.3	870.51	3332.05	1034.95
471	3023.18	878.276	3275.37	1042.16
472	3040.17	893.429	3269.55	1048.8
473	3099.28	908.041	3279.74	1098.92
474	3079.07	899.388	3326.42	1106.3
475	3105.31	897.265	3362.19	1101.02
476	3084.55	921.408	3332.12	1099.72
477	3097.01	912.959	3363.44	1110.43
478	3051.07	905.02	3425.67	1099.54
479	3068.09	900.296	3292.9	1101.6
480	3054.8	890.633	3463.99	1083.26
481	3001.65	875.306	3339.21	1105.3
482	3066.54	888.051	3299.97	1091.7
483	3067.36	898.041	3261.08	1097.55
484	3107.61	909.806	3362.91	1104.04
485	3085.99	897.102	3267.7	1098.21
486	3088.22	899.847	3365.33	1103.4
487	3058.9	903.633	3326.35	1116.16
488	3061.43	911.816	3469.06	1097.09
489	3116.82	1028.37	3469.65	1655.52
490	3129.95	1034.62	3407.26	1643.22
491	3118.53	1038.94	3401.03	1634.61
492	3155.95	1050.38	3401.29	1634.87
493	3149.03	1041.27	3341.74	1632.7
494	3094.56	1031.46	3408.69	1654.23
495	3058.82	1025.88	3335.19	1656.23
496	3138.23	1046.96	3386.59	1655.79
497	3124.34	1040.72	3306.36	1656.09
498	3161.4	1060.68	3393.69	1638.43
499	3144.59	1034.68	3284.67	1622.4
500	3014.95	1014.4	3314.98	1638.29
501	3147.48	1036.59	3347.09	1641.43
502	3160.98	1033.1	3311.37	1623.17
503	3131.2	1042.5	3308.09	1669.12
504	3174.12	1039.5	3272.39	1647.88
505	3277.41	940.061	3493.66	1212.06
506	3230.95	934.918	3453.38	1195.56
507	3282.44	947.173	3466.66	1213.51
508	3249.2	939.714	3435.68	1186.19
509	3257.37	935.98	3502.09	1213.84
510	3239.05	941.776	3662.6	1207.34
511	3241.03	931.908	3598.03	1205.93
512	3245.87	921.224	3660.21	1123.34
513	3235.18	944.224	3482.65	1116.46
514	3235.17	933.949	3479.19	1111.5
515	3238.08	936.112	3636.14	1115.79
516	3242.83	942.092	3617.17	1123.57
517	3182.27	922.204	3461.65	1120.08
518	3279.51	945.031	3536.8	1148.76
519	3244.32	940.469	3649.15	1113.01
520	3228.34	941.653	3597.85	1112.74
521	3361.96	976.092	3533.16	1132.58
522	3362.5	977.173	3641.98	1140.67
523	3378.19	980.49	3447.49	1141.72
524	3386.12	1005.66	3633.55	1165.36
525	3373.15	974.051	3519.04	1208.01
526	3370.8	978.306	3662.08	1202.84
527	3367.7	974.867	3614.89	1167.03
528	3253.55	928.602	3557.48	1226.79
529	3440.6	996.214	3563.03	1202.69
530	3373.8	982.163	3596.38	1161.29
531	3406.14	978.582	3478.58	1173.53
532	3405.79	991.633	3699.41	1171.95
533	3418.16	996.592	3509.05	1148.38
534	3416.38	994.235	3467.51	1192.82
535	3364.74	965.673	3582.91	1203.6
536	3372.76	980.541	3567.64	1188.37
537	3464.51	994.663	3825.13	1332.64
538	3513.77	1024.01	3819.39	1344.28
539	3462.66	984.633	3869.77	1331.31
540	3542.23	1019.15	3709.31	1350.12
541	3606.18	1039.3	3827.14	1343.06
542	3484.85	994.602	3734.22	1316.59
543	3526.81	1011.92	3704.66	1316.2
544	3347.43	971.622	3724.14	1345.1
545	3555.83	1012.91	3654.57	1327.5
546	3553.35	1052.28	3680.83	1347.66
547	3644.77	1048.69	3781.89	1345.21
548	3571.06	1035.4	3666.78	1313.87
549	3581.27	1028.22	3681.19	1347.02
550	3561.01	1037.83	3666.54	1342.19
551	3535.62	1010.07	3748.35	1360.34
552	3570.98	1017.14	3718.31	1331.43
553	3724.08	1068.37	3664.01	1282.43
554	3655.17	1038.8	3727.96	1367.47
555	3654.72	1038.42	3837.59	1299.51
556	3794	1085.23	3775.66	1278.74
557	3658.18	1043.11	3715.82	1334.18
558	3691.83	1089.07	3724.95	1279.68
559	3571.92	1027.89	3945.51	1292.58
560	3886.7	1136.45	3634.45	1308.11
561	3884.82	1122.89	3650.23	1281.44
562	3522.1	1008.51	3694.94	1286.81
563	3648.74	1035.02	3800.58	1361.82
564	3926.61	1148.48	3751.81	1278.82
565	3791.21	1075.22	3877.64	1317.78
566	3723.8	1063.83	3685.79	1314.6
567	3804.09	1095.43	3810.95	1274.26
568	3833.98	1099.32	3670.71	1293.53
569	3824.17	1085.27	4033.23	1395.16
570	3829.24	1095.99	3889.44	1375.11
571	3820.29	1091.37	4014.5	1413.01
572	3935.49	1137.04	4169.58	1361.36
573	3993.79	1150.74	4004.08	1379.98
574	3980.11	1152.36	3890.11	1414.12
575	3907.35	1114.1	3798.31	1444.54
576	3908.54	1123.72	3999.89	1409.86
577	3961.38	1149.62	3837.5	1433.3
578	3835.17	1084.55	3938.79	1388.96
579	3804.65	1082.74	4059.43	1385.59
580	3937.63	1132.51	3847.56	1373.52
581	3816.96	1093.04	3876.79	1412.53
582	3925.44	1129.38	3831.99	1427
583	3888.38	1132.1	3871.23	1399.82
584	3713.15	1061.72	3806.79	1410.58
585	4044.63	1118.85	3934.5	1324.14
586	4024.79	1128.43	3898.88	1337.96
587	4104.95	1169.5	3923.14	1333.78
588	3972.03	1085.73	3865.41	1354.35
589	4009.85	1121.41	3959.55	1438.06
590	4061.26	1133.65	3889.99	1344.32
591	4010.2	1131.76	3980.38	1348.29
592	3928.39	1066.95	3888.88	1342.71
593	4000.58	1141.45	3909.37	1338.38
594	3989.39	1124.99	3931.48	1347.1
595	3985.1	1077.54	3839.84	1331.81
596	4101.4	1166.19	3765.07	1433.69
597	4018.27	1138.42	3985.36	1410.68
598	4016.95	1093.6	3863.83	1440.34
599	4132.05	1182.62	3827.58	1421.59
600	4122.17	1174.99	3884.92	1332.7
601	4223.03	1178.53	3997.87	1416.71
602	4078.54	1150.04	3993.77	1417.36
603	4156.38	1159.28	3968.32	1427.12
604	4018.18	1126.38	3679.48	1514.16
605	4218.37	1194.8	3980.92	1414.79
606	4172.47	1135.37	3993.04	1403.15
607	4186.38	1179.79	3936.38	1416.68
608	4126.95	1139.99	4086.16	1461
609	4255.52	1206.05	3964.45	1502.49
610	4231.05	1202.31	4081.28	1471.79
611	4179.85	1169.22	4016	1425.12
612	4185.08	1180.67	3906.87	1402.71
613	4195.43	1164.73	3999.18	1407.47
614	4198.38	1149	3951.14	1406.97
615	4230.12	1187.53	3942.11	1409.45
616	4230.41	1210.72	3949.32	1430.6
617	4278.4	1151.49	3997.41	1546.05
618	4345.7	1251.38	3973.01	1452.7
619	4268.24	1193.34	4052.46	1464.5
620	4318.73	1233.13	4007.88	1452.34
621	4047.23	1098.14	3982.62	1440.19
622	4295.58	1269.5	4034.23	1444.93
623	4311.26	1232.92	4069.52	1470.52
624	4311.81	1246.49	4051.33	1527.33
625	4294.9	1150.48	4048.89	1460.68
626	4254.27	1164.81	4058.95	1499.66
627	4371.33	1266.42	3950.17	1538.1
628	4263.33	1225.88	4009.51	1524.2
629	4243.95	1146.41	3924.18	1529.07
630	4324.69	1237.18	3984.93	1540.92
631	4337.66	1257.52	3943.02	1453.74
632	4127.52	1160.97	3977.91	1450.81
633	4381.41	1215.39	4090.12	1531.07
634	4374.36	1146.53	4090.12	1539.52
635	4400.02	1215.39	4116.52	1473.38
636	4464.73	1258.29	4110.85	1573.29
637	4367.99	1205.91	4201.49	1566.71
638	4454.04	1248.77	4030.4	1551.33
639	4002.78	1078.46	4111.99	1468.07
640	4355.74	1129.55	4112.57	1472.79
641	4364.2	1185.23	4136.57	1554.1
642	4394.6	1143.12	4076.48	1502.34
643	4391.66	1188.44	4080.16	1600.2
644	4198.5	1156.21	4030.55	1523.18
645	4426.88	1246.54	4101.24	1515.17
646	4397.95	1184.67	4283.59	1580.14
647	4374.17	1168.97	4174.8	1564.06
648	4355.44	1181.95	4300.49	1477.15
649	4483.69	1171.65	4590.83	1448.64
650	4552.88	1273.05	4272.64	1564.2
651	4578.18	1276.57	4210.63	1526.83
652	4535.28	1277.49	4269.3	1548.08
653	4571.85	1282.15	4524.54	1561.62
654	4552.06	1301.64	4340.37	1535.65
655	4502.53	1178.22	4579.7	1450.96
656	4496.89	1166.14	4432.35	1454.48
657	4525.7	1230.07	4488.97	1555.19
658	4585.9	1281.37	4223.89	1444.95
659	4567.15	1268.22	4275.84	1430.88
660	4572.63	1270.23	4354.74	1439.42
661	4464.84	1224.99	4280.65	1444.39
662	4510.83	1233.63	4478.49	1459.98
663	4564.42	1278.39	4284.42	1443.64
664	4560.45	1286.98	4180.1	1438.41
665	4431.79	1236.78	4198.56	1521.73
666	4618.89	1283.41	4290.99	1523.03
667	4575.34	1178.68	4238.53	1514.8
668	4564.19	1183.58	4260.88	1579.41
669	4643.46	1276.84	4242.24	1620.02
670	4614.02	1260.49	4349.09	1604.33
671	4565.34	1183.45	4290.63	1617.55
672	4547.47	1177.5	4252.29	1594.12
673	4583.15	1202.88	4298.31	1547.58
674	4616.39	1292.92	4235.6	1522.32
675	4583.88	1259.59	4348.15	1616.72
676	4604.45	1175.34	4258.12	1623.76
677	4669.49	1306.48	4328.29	1516.08
678	4597.84	1267.01	4275.59	1512.4
679	4573.92	1213.49	4282.06	1507.95
680	4604.22	1279.98	4300.66	1655.17
681	4698.43	1270.39	4258.84	1559.66
682	4729.14	1295.08	4444.37	1607.81
683	4674.96	1202.58	4281.12	1626.73
684	4700.3	1275.54	4602.36	1625.07
685	4711.78	1298.46	4463.4	1626.36
686	4680.34	1208.86	4433.03	1616.91
687	4530.33	1259.27	4445.84	1571.99
688	4676.71	1234	4433.33	1593.52
689	4666.96	1224.86	4382.7	1597.49
690	4731.76	1230.54	4383.88	1593.6
691	4762.67	1316.88	4540.67	1506.46
692	4674.56	1256.47	4413.5	1510.7
693	4679.52	1199.49	4580.49	1508.94
694	4701.85	1226.05	4529.7	1507.94
695	4701.73	1299.7	4556.26	1560.23
696	4703.34	1279.61	4589.72	1606.67
697	4801.72	1316.79	4618.19	1658.33
698	4814.24	1318.01	4507.94	1631.9
699	4858.37	1347.77	4587.38	1568.98
700	4841.21	1334.51	4560.57	1558.55
701	4816.63	1326.94	4557.35	1566.53
702	4776.52	1217.42	4698.89	1681.74
703	4829.73	1313.89	4520.27	1625.27
704	4833.84	1333.53	4649.77	1554.36
705	4821.23	1344.78	4518.68	1568.66
706	4842.28	1315.47	4476.27	1566.24
707	4889.59	1332.24	4686.45	1632.35
708	4294.54	1154.99	4733.57	1646.31
709	4837.14	1332.88	4528.9	1565.93
710	4810.78	1276.04	4680.71	1563.56
711	4785.68	1215.09	4573.02	1569.03
712	4798.65	1218.38	4704.31	1556.82
713	4884.67	1218.36	4912.22	1539.73
714	4870.69	1245.08	4532.36	1586.42
715	4873.07	1228.42	4805.85	1664.38
716	4942.7	1344.35	4842.95	1659.9
717	4851.59	1280.57	4811.34	1637.16
718	4925.77	1346.48	4613.99	1626.31
719	4885.02	1349.31	4846.12	1639.05
720	4861.05	1242.7	4671.99	1648.67
721	4848.6	1253.18	4729.93	1645.47
722	4928.18	1345.85	4628.4	1530.31
723	4805.58	1231.15	4734.57	1621.27
724	4867.8	1248.63	4713.34	1624.07
725	4830.95	1267.43	4662.61	1648.8
726	4696.63	1317.9	4680.95	1649.98
727	4325.43	1195.68	4628.57	1655.69
728	4868.18	1248.65	4584.58	1629.96
729	4977.65	1358.59	4746.07	1716.8
730	4951.06	1259.11	4880.19	1681.53
731	4982.58	1266.39	4722.86	1731.93
732	4966.58	1293.98	4926.31	1747.48
733	4998.57	1327.53	4892.34	1740.34
734	5094.43	1391.86	4880.94	1725.24
735	5097.01	1389.45	4669.56	1649.68
736	5080.97	1379.77	4906.83	1763.72
737	5030.57	1375.05	4943.98	1752.35
738	4981.09	1247.8	4758.68	1793.28
739	4839.61	1298.79	5133.12	1759.55
740	5042.93	1376.93	4789.43	1780.82
741	5010.21	1316.67	4875.09	1723.41
742	4992.41	1251.73	4761.11	1666.31
743	4962.63	1353.45	4741.8	1717.98
744	5055.21	1350.09	4801.85	1747.64
745	5208.63	1491.61	4793.78	1797.11
746	5117.86	1419.81	4847.57	1782.99
747	5174.94	1458.83	4690.07	1788.63
748	5158.5	1468.67	4685.56	1790.36
749	5111.39	1374.52	4694.81	1904.32
750	5142.98	1456.79	4736.3	1899.57
751	5211.19	1491.51	4784.69	1780.32
752	5134.57	1474.33	4711.48	1778.48
753	5145.84	1454.12	4907.85	1774.24
754	4942.43	1439.39	4894.97	1777.8
755	5205.74	1476.2	4741.98	1777.92
756	5113.91	1454.19	4711.16	1872.04
757	5070.71	1339.72	4870.24	1876.49
758	5076.9	1349.26	4683.32	1875.04
759	5081.44	1338.79	4654.43	1878.47
760	4683.63	1343.59	4684.49	1780.09
761	5235.6	1719.98	4790.22	1699.37
762	5193.47	1650.55	4921.4	1695.81
763	5192.41	1601.51	4870.64	1807.21
764	5247.76	1712.93	4905.5	1789.32
765	5294.76	1744.79	4741.76	1685.71
766	5319.05	1757.91	5021.24	1782.58
767	5282.97	1743.8	4854.39	1677.64
768	5139.08	1684.87	4939.45	1781.06
769	5132.39	1600.48	4750.47	1770.38
770	5185.2	1605.87	5030.72	1787.94
771	5184.06	1680.4	4947.19	1696.47
772	5178.97	1608.06	4989.46	1702
773	5186.78	1604.99	4810.37	1712.55
774	5187.76	1675	4779.05	1691.98
775	5160.21	1607.16	4810.81	1823.97
776	5272.78	1780.04	4845.11	1831.92
777	5150.46	1364.87	4798.7	1814.77
778	5266.78	1299.56	4871.28	1787.72
779	5306.4	1295.84	5003.01	1818.16
780	5371.42	1404.07	5051.55	1755.51
781	5330.36	1420.35	5017.55	1669.31
782	5401.94	1442.83	5322.26	1681.6
783	5355.95	1449.85	5303.27	1676.63
784	5284.06	1360.03	4918.83	1685.14
785	5116.66	1353.56	5089.51	1668.28
786	5329.33	1306.47	4976.18	1768.21
787	5295.4	1302.66	5261.54	1738.66
788	5324.08	1293.74	5144.87	1772.91
789	5302.29	1314.81	4979.09	1763.5
790	5323.89	1367.72	5109.97	1750.47
791	5404.11	1451.71	4800.16	1755.37
792	5395.55	1461.31	4911.84	1698.16
793	5441.29	1416.82	4976.27	1718.28
794	5357.01	1310.03	4690.6	1773.92
795	5401.55	1311.51	4561.14	1851.27
796	5204.94	1312.64	4900.82	1845.24
797	5441.1	1438.52	4903.23	1814.47
798	5430.54	1430.94	5048.32	1725.18
799	5455.68	1457.16	5021.15	1879.96
800	5422.41	1387.47	4920.02	1863.14
801	5432.56	1442.22	4838.42	1860.09
802	5409.99	1372.58	4745.41	1868.61
803	5400.61	1431.01	4917.88	1858.89
804	5456.14	1446	4941.13	1836.44
805	5374.45	1298.6	4901.15	1779.08
806	5432.26	1455.17	4761.56	1873.79
807	5517.65	1481.84	4776.05	1814.98
808	5379.11	1374.36	4900.81	1869.26
809	5544.23	1464.58	5023.36	1870.32
810	5500.31	1441.02	5094.41	1841.34
811	5529.19	1459.12	5194.13	1870.26
812	5288.74	1403.5	5113.65	1846.07
813	5513.9	1451.01	5203.47	1748.8
814	5605.84	1477.82	5363.93	1724.72
815	5461.08	1385.34	4834.43	1855.23
816	5541.47	1477.42	5133.39	1855.68
817	5536.04	1463.37	5207.02	1879.8
818	5553.84	1441.83	4944.3	1864.37
819	5613.67	1477.16	5124.58	1727.86
820	5579.65	1479.48	4953.81	1836.43
821	5576.03	1496.31	5306.79	1879.33
822	5631.94	1484.31	5179.03	1869.67
823	5605.11	1501.2	4888.11	1821.56
824	5075.74	1339.96	5412.1	1796.01
825	5584.44	1329.29	5173.06	1919.83
826	5604.12	1337.35	5197.24	1905.07
827	5644.78	1479.53	5184.45	1920.04
828	5625.69	1483.68	4985.26	1777.76
829	5642.13	1478.4	5038.8	1771.95
830	5583.44	1393	5103.78	1907.7
831	5609.33	1352.83	5052.13	1894.43
832	5610.83	1460.46	4822.46	1895.28
833	5576.48	1325.6	5034.67	1778.29
834	5610.12	1403.29	4786.08	1764.8
835	5596.49	1459.92	5218.02	1878.43
836	5641.73	1462.97	4838.6	1898.33
837	5574.72	1359.87	5073.09	1897.92
838	5408.07	1384.49	5046.27	1853.76
839	5649.95	1493.84	4925.32	1898.39
840	5674.87	1490.87	4902.53	1778.51
841	5298	1317.47	5432.68	1792.11
842	5638.82	1372.37	5226.3	1766.58
843	5680.71	1375.37	5077.57	1854.72
844	5688.05	1361.09	5274.26	1880.63
845	5694.86	1490.36	5276.1	1859.63
846	5776.11	1512.33	5167.21	1898.57
847	5662.62	1413.59	5175.26	1882.72
848	5723.6	1476.43	5248.26	1896.42
849	5760.55	1500.82	5424.46	1882.94
850	5699.54	1473.95	5233.57	1858.43
851	5730.02	1468.62	5281.44	1843.05
852	5787.46	1512.44	5442.41	1860.01
853	5698.48	1459.68	5389.01	1861.82
854	5669.42	1342.11	5518.34	1861.28
855	5681.81	1344.95	5184.98	1884.47
856	5558.24	1434.79	5355.47	1863.8
857	5526.21	1411.07	5427.07	1955.64
858	5801.09	1393.88	5320.34	1957.4
859	5839.49	1507.23	5340.26	1939.34
860	5776.95	1458.74	5339.16	1946.87
861	5808.94	1368.72	5010.8	1969.51
862	5785.67	1402.88	5195.22	1934.49
863	5763.01	1371.3	5362.16	1962.07
864	5793.64	1368.26	5016.86	1900.3
865	5868.41	1478.93	5181.86	1809.04
866	5824.13	1507.65	5368.2	1811.79
867	5817.26	1473.68	5204.74	1963.13
868	5835.93	1379.64	5418.98	1973.79
869	5804.03	1485.84	5315.53	1973.61
870	5625.12	1453.99	5746.95	1958.92
871	5829.8	1486.79	5584.14	1943.86
872	5794.23	1380.08	5315.35	1988.9
873	5877.85	1420.24	5639.37	1977.21
874	5902.54	1433.61	5612.56	2032.4
875	5893.51	1413.99	5188.03	2004.48
876	5874.29	1411.41	5276.78	1862.74
877	5868.24	1428.88	5329.18	1872.05
878	5869.12	1408.85	5236.16	1856.28
879	5864.91	1401.23	5403.68	1850.15
880	5897.76	1538.01	5121.4	1862.04
881	5899.23	1519.67	5272.01	1851.18
882	5892.53	1535.7	5430.19	1857.66
883	5696.46	1501.29	5353.02	1991.2
884	5929.35	1551.66	5361.83	1984.98
885	5853.38	1420.28	5280.58	1970.15
886	5881.97	1411.47	5741.62	1936.9
887	5889.34	1509.53	5589.95	1858.05
888	5993.56	1575.24	5370.62	1866.42
889	5958.73	1405.7	5478.26	1866.73
890	5950.56	1405.86	5409.34	1954.43
891	6026.44	1517.08	5460.29	1871.11
892	6080.76	1566.86	5685.82	1876.81
893	6028.22	1533.78	5574.33	1853.81
894	5941.61	1429.11	5465.67	1860.47
895	5960.95	1408.63	5550.23	1863.07
896	5994.73	1479	5842.72	1992.17
897	5851.06	1517.18	5583.03	1988.53
898	6041.21	1548.91	5501.95	1869.11
899	6007.47	1494.22	5728.65	1898.53
900	5982.94	1435.12	5686.7	1978.94
901	5947.5	1405.62	5175.09	1864.21
902	5823.27	1475.12	5382.92	2007.36
903	6076.54	1560.44	5388.54	1871.82
904	6114.82	1552.44	5432.5	1875.21
905	6067.36	1441.81	5885.13	1967.11
906	6213.5	1601.8	5673.45	1985.23
907	5939.58	1492.1	5658.35	1837.23
908	6173.54	1558.72	5564.87	1887.79
909	6203.34	1582.07	5807.29	1839.66
910	6192.59	1563.59	5833.92	1883.92
911	6069.06	1432.41	5540.47	1987.28
912	6108.59	1531.08	5692.28	2006.39
913	6114.52	1554.67	5348.09	1913.81
914	6081.6	1415.34	5408.99	1839.18
915	6146.57	1561.05	5542.71	1849.8
916	6059.34	1502.67	5467.57	1983.4
917	6059.38	1878.16	5595.15	1847.06
918	5447.97	1349.9	5577.35	1834.12
919	5992.36	1481.28	5916.15	1838.77
920	6110.81	1534.65	5958.2	1844.28
921	6227	1562.39	6004.77	1904
922	6168.66	1530.37	5844.28	1993.02
923	6252.03	1585.68	6082.22	2077.51
924	6271.88	1595.85	5685.09	2011.08
925	6228.79	1572.48	5857.69	2052.33
926	6142.85	1450.13	5975.85	2057.78
927	6259.36	1596.24	5663.7	2031.07
928	6240.76	1574.11	5924.8	2045.85
929	6202.71	1564.36	5972.14	1910.54
930	6161.58	1567.81	5934.19	1923.08
931	6074.82	1556.3	5644.36	1915.01
932	6247.61	1580.23	5941.32	1897.48
933	6234.35	1589.39	5681.82	1905.16
934	6231.96	1581.71	5614.36	1909.07
935	6216.07	1566.78	5700.34	1888.07
936	6204.44	1550.95	5978.99	1900.71
937	6372.95	1605.54	5659.52	1866.38
938	6412.93	1615.56	5710.67	1883.72
939	6286.84	1544.66	5623.16	1860.39
940	6323.23	1576.6	5577.31	1875.22
941	6013.5	1519.45	5769.31	1924.72
942	6311.26	1608.54	5592.86	1886.92
943	6335.55	1592.52	5563.17	1909.9
944	6283.27	1586.35	5699.22	1993.6
945	6270.98	1455.66	5708.87	1909.83
946	6310.36	1543.71	5846.94	2033.28
947	6283.51	1495.16	5861.5	2048.58
948	6331.52	1591.81	5679.03	2024.21
949	6343.01	1589.12	5835.81	1911.68
950	6205.73	1580.76	5942.82	1874.29
951	6264.97	1451.48	5874.29	1863.44
952	6251.74	1451.56	5800.78	1874.22
953	6353.9	1508.83	5832.15	1934.26
954	6342.26	1470.8	5796.47	2084.23
955	6399.07	1563.04	6063.27	2084
956	6302.84	1563.34	5669.79	2014.94
957	6362.46	1579.16	6037.58	2083.93
958	6378.51	1637.1	5628.98	2094.23
959	6462.55	1619.51	5948.29	2096.54
960	6410.74	1592.79	6026.17	2098.89
961	6101.92	1577.77	5979.73	2084.54
962	6213.48	1542.9	6094.38	1963.73
963	6368.58	1585.43	5811.53	1956.18
964	6392.33	1455.26	5789.64	1941.19
965	6375.7	1446.46	6072.65	1942.22
966	6371.63	1474.63	5879.28	1942.57
967	6404.03	1528.1	5719.95	1930.91
968	6377.26	1456.74	5685.87	1936.07
969	6500.9	1638.85	5738.2	1920.39
970	6518.91	1638.35	5963.91	1910.64
971	6597.18	1668.9	5922.97	1911.8
972	6458.53	1549.61	5848.36	1917.9
973	6585.5	1651.99	5868.69	1883.6
974	6521.31	1622.88	5789.86	1913.37
975	6481.96	1543.66	5993.29	1908.99
976	6471.99	1597.32	5858.12	1904.17
977	6465.43	1582.83	5700.37	1933.84
978	6478.28	1635.63	5824.7	1913.65
979	6590.3	1663.68	5925.71	1934.07
980	6469.28	1539.84	5758.04	1922.24
981	6432.83	1513.67	5976.21	2006.85
982	6481.52	1487.94	5993.62	1904.02
983	6441.78	1481.97	5973.39	1957.22
984	6566.85	1640.8	6145.72	2038.53
985	6665.18	1659.51	5999.85	2124.11
986	6686.17	1663.52	5578.93	2115.95
987	6666.8	1662.45	5498.79	1962.73
988	6686.24	1689.4	5938.79	2090.77
989	6627.89	1588.73	5490.53	2138.53
990	6270.33	1595.52	5508.34	2032.07
991	6616.91	1645.06	6267.24	1932.95
992	6632.41	1667.42	5568.43	1982.27
993	6407.31	1578.21	5534	2110.99
994	6683.87	1661.7	5643.15	2032.67
995	6577.12	1544.37	5577.09	2024.67
996	6550.29	1482.92	5481.18	1983.36
997	6595.29	1559.02	5805.76	1993.89
998	6597.09	1628.54	5749.21	1983.1
999	6641.88	1653.52	5680.43	2026.14
1000	6556.67	1530.1	5823.7	2143.94
1001	6644.47	1574.76	5903.5	2857.43
1002	6640.13	1577.62	6047.12	2816.31
1003	6678.08	1711.84	5849.92	2694.66
1004	6691.84	1722.47	5705.67	2689.34
1005	6652.83	1742.2	5730.45	2789.32
1006	6681.23	1727.83	5880.01	2866.16
1007	6579.53	1703.5	6073.59	2830.77
1008	6601.78	1649.19	5956.56	2748.83
1009	6575.19	1587.74	6341.15	2863.5
1010	6709	1694.11	6100.27	2860.86
1011	6708.71	1677.2	6390.01	2859.57
1012	6727.09	1701.9	6230.37	2825.39
1013	6719.21	1726.03	6102.27	2766.67
1014	6672.1	1574.91	6152.9	2671.52
1015	6698.12	1584.37	6171.61	2834.55
1016	6680.81	1616.62	6365.41	2688.14
1017	6816.86	1684.22	6171.59	1996.96
1018	6801.93	1654.86	6168.73	2016.99
1019	6817.82	1663.05	6205.26	2015.41
1020	6803.22	1674.55	6110.17	2166.98
1021	6795.72	1665.44	5685.1	2000.4
1022	6717.31	1537.46	6615.18	2018.36
1023	6604.09	1534.58	5944.06	2005.31
1024	6791.81	1528.84	5986.32	2099.16
1025	6804.19	1689.11	6085.4	2128.3
1026	6807.95	1651.58	6478.67	2163.91
1027	6721.61	1540.74	5983.41	2183.38
1028	6735.15	1603.66	5584.55	2083.03
1029	6812.11	1680.31	5795.96	2091.36
1030	6818.29	1688.69	5901.04	2183.36
1031	6842.6	1702.98	5855.77	2170.1
1032	6677.39	1674.15	5859.47	2012.21
1033	6807.83	1577.83	6045.44	2071.91
1034	6833.4	1552.95	6010.35	2183.74
1035	6838.53	1544.49	6214.58	2184.43
1036	6813.31	1590.73	6279.12	2168.33
1037	6963.95	1729.07	6137.52	2153.66
1038	6885.32	1703.93	6175.56	2000.56
1039	6898.62	1686.06	6317.08	2177.71
1040	6889.81	1707.01	6189.89	2124.71
1041	6857.68	1694.95	6261.69	2119.74
1042	6928.98	1692.95	6282.47	2118.43
1043	6846.04	1579.42	6400.89	2087.53
1044	6797.2	1695.21	6183.01	1975.7
1045	6853.55	1551.93	6284.72	1981.77
1046	6856.97	1672.15	6013.4	2211.78
1047	6843.62	1534.35	5722.34	2182.94
1048	6862.06	1542.05	5996.43	2156.8
1049	6876.69	1556.67	6021.97	2044.98
1050	6983.9	1556.53	6168.97	2167.05
1051	6930.23	1577.33	6108.27	2231.26
1052	6970.92	1581.72	6179.68	2184.95
1053	7069.96	1761.61	6250.29	2039.72
1054	7014.21	1710	6164.47	2057.27
1055	7053.18	1731.16	6232.78	2097.57
1056	7051.16	1736.36	6304.37	2017.83
1057	7029.12	1683.14	6048.47	2032.52
1058	7035.65	1753.8	6429.26	2034.06
1059	7091.7	1763.84	6160.3	2064.21
1060	7061.8	1763.91	6462.79	2058.06
1061	7057.73	1767.47	5861.76	2055.86
1062	6963.88	1702.24	6166.01	2047.97
1063	7020.71	1718.43	6283.42	2049.9
1064	7032.8	1723.82	6487.59	2078.26
1065	7050.87	1624.21	6511.92	2031
1066	7080.82	1675.98	6447.22	2038.49
1067	7090.86	1712.21	6080.83	1992.66
1068	7140.81	1715.63	6521.15	2029.63
1069	7216.8	1778.59	6261.9	2027.42
1070	7109.98	1726.52	6793.1	2122.95
1071	7139.54	1720.49	6510.23	2158.23
1072	7075.41	1730.3	6462.01	2032.18
1073	7147.77	1750.81	6683.8	2022.74
1074	7069.79	1658.51	6442.05	2003.44
1075	7099.05	1668.98	6534.48	2031.38
1076	7194.62	1766.98	6259.12	2018.53
1077	7109.05	1727.03	6733.46	2009.45
1078	7056.66	1618.97	6784.2	2028.86
1079	7108.94	1738.96	6624.38	2131.89
1080	7133.35	1790.51	6601.3	2117.79
1081	7379.71	1817.72	6297.4	2106.33
1082	7336.43	1815.87	6414.19	2088.6
1083	7368.39	1806.47	6388.79	2242.05
1084	7146.93	1596.17	6233.85	2226.84
1085	7231.57	1676.73	6376.99	2077.27
1086	7179.28	1607.67	6266.42	2076.08
1087	7241.24	1738.56	6623.47	2083.83
1088	7217.03	1695.2	6531.03	2221.49
1089	7132.8	1706.69	6475.82	2226.59
1090	7239.44	1776.67	6437.53	2116.08
1091	7223.85	1748.16	6458.51	2120.94
1092	7289.19	1788.63	6495.73	2274.16
1093	7275.49	1774.15	6887.16	2185.05
1094	7262.65	1774.38	6670.61	2079.88
1095	7234.01	1757.58	6844.04	2065.96
1096	7270.99	1781.24	6534.39	2223.32
1097	7292.13	1760.53	6740.96	2224.86
1098	7308.18	1751.13	6720.62	2193.02
1099	7339.77	1770.22	6597.63	2065.04
1100	7219.41	1710.59	6678.54	2052.59
1101	7255.83	1676.7	6690.53	2052.84
1102	7292.93	1759.86	6919.43	2234.9
1103	7241.99	1635.88	6679.19	2206.94
1104	7186.38	1622.78	6529.61	2070.37
1105	7235.95	1702.83	6525.26	2059.98
1106	7306.34	1757.93	6661.61	2062.91
1107	7224.95	1606.39	6785.99	2058.51
1108	7252.34	1697.87	6699.67	2039.55
1109	7305.09	1761.98	6631.67	2063.35
1110	7277.87	1777.05	6409.54	2228.73
1111	7297	1743.54	6545.87	2196.15
1112	7263.62	1696.72	6648.53	2202.9
1113	7361.17	1690.12	6649.64	2203.85
1114	7360.84	1616.01	6567.17	2125.02
1115	7350.42	1663.73	6615.04	2111.01
1116	7437.73	1754.42	6649.56	2100.32
1117	7362.39	1641.52	6623.53	2097.18
1118	7444.5	1776.99	6612.14	2138.12
1119	7482.21	1832.55	6648.21	2205.16
1120	7478.34	1837.91	6825.37	2273.08
1121	7461.64	1824.24	6613.06	2296.85
1122	7404.21	1799.33	6675.44	2257.52
1123	7376.28	1777	6560.73	2252.12
1124	7403.32	1733.81	6805.04	2166.91
1125	7301.96	1597.01	6858.22	2280.66
1126	7449.46	1805.81	6561.59	2241.83
1127	7420.77	1799.86	6719.42	2272.45
1128	7413.41	1778.17	6550.06	2255.43
1129	7499.51	1833.26	6583.89	2267.7
1130	7551.09	1879.42	6267.07	2316.5
1131	7574.15	1872.33	6804.27	2281.92
1132	7435.97	1720.79	6710.2	2140.8
1133	7418.38	1635.76	6528.31	2130.14
1134	7443.76	1635.65	6623.49	2143.73
1135	7399.1	1660.49	6600.61	2148.1
1136	7381.98	1664.27	6626.9	2129.66
1137	7247.32	1768.82	6643.81	2138.43
1138	7450.72	1695.27	6694.78	2135.82
1139	7534.06	1823.14	6586.38	2143.64
1140	7488.46	1733.55	6664.94	2188.46
1141	7418.02	1638.05	6595.65	2290.21
1142	7485.91	1758.94	6892.12	2143.29
1143	7378.96	1672.27	6641.43	2160.35
1144	7468.89	1708.92	6681.14	2284.99
1145	7569.65	1765.95	6718.3	2252.56
1146	7597.64	1800.42	6813.33	2123.66
1147	7524.84	1682.85	6743.54	2207.68
1148	7524.73	1699	6766.94	2120.52
1149	7521.08	1650.89	6760	2123.46
1150	7490.73	1692.23	6743.97	2125.71
1151	7527.87	1647.53	6816.51	2126.54
1152	7564.95	1646.56	6800.01	2125.98
1153	7603.33	1799.13	6942.34	2150.3
1154	7649.65	1828.36	6988.83	2312.69
1155	7599.54	1791.54	7021.44	2294.36
1156	7537.18	1638.5	7051.38	2266.94
1157	7511.11	1649.48	6927.17	2143.12
1158	7608.96	1769.45	6954.56	2124.45
1159	7561.5	1667.64	6935.94	2141.39
1160	7488.54	1723.35	6987.45	2144.36
1161	7720.11	1806.2	7030.57	2134.65
1162	7689.76	1851.68	7195.06	2254.1
1163	7620	1791.36	7327.98	2265.48
1164	7594.44	1642.7	6932.51	2324.93
1165	7622.94	1715.42	7211.26	2294.95
1166	7659.41	1814.53	6986.46	2328.66
1167	7681.15	1842.69	6839.37	2357.72
1168	7645.51	1806.03	7064.03	2295.4
1169	7619.89	1808.67	6801.26	2314.71
1170	7631.23	1834.39	7010.72	2297.41
1171	7666.82	1807.19	7387.79	2341.72
1172	7640.32	1806.38	7032.41	2280.12
1173	7645.59	1738.12	7177	2274.98
1174	7701.08	1798.17	6872.81	2312.63
1175	7646.43	1786.57	7280.3	2121.94
1176	7655.48	1801.24	7034.73	2156.9
1177	7734.17	1817.23	6812.66	2361.84
1178	7728.97	1655.94	7062.78	2362.32
1179	7678.34	1713.81	7176.5	2326.29
1180	7751.52	1745.85	7033.92	2258.48
1181	7800.85	1829.3	7151.95	2311.01
1182	7798.09	1810.47	7190.78	2301.33
1183	7768.51	1783.36	6849.61	2308.6
1184	7776.42	1833.14	6843.04	2295.21
1185	7737.63	1770.99	6925.71	2342.49
1186	7754.81	1688.64	6820.88	2347.79
1187	7721.61	1735.62	7264.18	2311.1
1188	7764.8	1705.2	6728.59	2301.68
1189	7726.22	1697.97	6822.34	2337.44
1190	7671.28	1810.64	6748.39	2241.53
1191	7772.09	1789.21	6933.96	2296.79
1192	7777.08	1838.1	6960.07	2175.01
1193	7804.02	1663.58	7068.41	2143.92
1194	7837.33	1660.07	7042.09	2382.45
1195	7801.56	1783.24	6866.31	2359.89
1196	7805.94	1661.95	7008.83	2330.12
1197	7857.61	1660.6	6806.5	2338.54
1198	7809.49	1664.45	6733.54	2341.09
1199	7827.91	1655.89	7041.83	2241
1200	7835.05	1670.56	6834.3	2350.95
1201	7834.15	1662.54	7046.13	2132.32
1202	7801.19	1669.86	7060.51	2222.05
1203	7831.36	1701.45	7060.45	2312.63
1204	7828.3	1698.89	6986.46	2300.58
1205	7802.42	1654.59	7046.73	2316.08
1206	7819.92	1661.22	7083.9	2311.96
1207	7840.65	1798.93	7090.54	2311.17
1208	7884.64	1869.05	7178.24	2135.1
1209	7980.16	1938.14	7094.61	2263.59
1210	8064.42	1929.6	7035.73	2197.99
1211	7943.13	1803.74	6990.79	2197.07
1212	7865.33	1812.7	7092.09	2211.66
1213	8026.06	1893.28	7062.68	2193.48
1214	7926.3	1870.66	7302.14	2192.29
1215	7968.73	1847.56	7215.96	2227.34
1216	7914.84	1677.7	7266.3	2400.3
1217	7961.29	1807.48	7255.36	2321.01
1218	7959.69	1774.41	7135.35	2350.99
1219	7959.86	1872.72	7226.09	2197.77
1220	7998.52	1871.49	7461.49	2208.84
1221	7971.53	1789.87	7129.09	2199.2
1222	7963.74	1717.12	7180.86	2203.36
1223	7912.09	1886.33	7051.66	2196.51
1224	7959.21	1676.18	7313.33	2200.96
1225	8074.31	1695.02	7231.02	2186.54
1226	8047.09	1745.88	7299.19	2199.9
1227	8058.2	1829.99	7134.44	2191
1228	8038.31	1822.56	7331.97	2187.21
1229	7975.42	1689.84	7279.92	2260.65
1230	8049.59	1846.65	7058.9	2369.16
1231	8035.84	1692.78	7100.06	2344.77
1232	8021.82	1751.81	7246.82	2337.44
1233	7977.3	1839.94	7358.65	2405.37
1234	8003.67	1872.72	7226.39	2343.98
1235	8032.49	1751.42	7188.99	2331.01
1236	8067.88	1859.42	7225.02	2329.09
1237	8029.4	1765.5	7309.88	2357.81
1238	7997.67	1708.42	7124.55	2397.66
1239	8018.42	1705.86	7153.28	2370.26
1240	8027.88	1893.55	7409.96	2344.63
1241	8135.21	1811.71	7297.05	2235.41
1242	8148.89	1767.23	7307.68	2236.88
1243	8163.15	1909.16	7364.92	2242.79
1244	8233.4	1935.39	7465.79	2239.63
1245	8211.82	1933.26	7390.88	2220.17
1246	8303.92	1960.07	7640.58	2258.95
1247	8263.56	1931.79	7171.11	2251.02
1248	8154.85	1905.83	7216.04	2360.08
1249	8168.66	1905.71	7237.19	2437.83
1250	8219.62	1936.73	7340.92	2245.54
1251	8334.34	2012.72	7120.42	2265.51
1252	8161.81	1769.62	7362.09	2257.65
1253	8218.16	1893.74	7319.14	2402.01
1254	8172.04	1848.78	7281.71	2445.08
1255	8196.65	1928.82	7302.6	2402.07
1256	8265.36	1931.89	7300.53	2408.86
1257	8270.06	1844.64	7538.44	2549.42
1258	8319.13	1984.59	7542.79	2561.28
1259	8200.21	1860.92	7385.43	2567.66
1260	8201.8	1816.33	7551.33	2539.03
1261	8271.48	1920.76	7622.52	2527.71
1262	8198.22	1809.03	7557.73	2564.57
1263	8261.35	1865.21	7390.41	2626.68
1264	8202.77	1894.62	7544.03	2645.16
1265	8204.97	1818.39	7413.65	2504.86
1266	8252	1890.78	7449.41	2640.51
1267	8378.67	2050.71	7529.32	2383.56
1268	8332.09	2028.35	7387.91	2380.31
1269	8279.01	1908	7564.19	2393.3
1270	8252.17	1949.04	7523.68	2375.5
1271	8198.63	1787.44	7403.49	2473.35
1272	8196.84	1781.69	7037.52	2399.55
1273	8416.57	1918.88	7872.08	2282.36
1274	8351.93	1822.73	7735.72	2284.99
1275	8269.11	1797.61	7583.95	2292.33
1276	8339.78	1733.15	7471.8	2282.96
1277	8367.29	1828.85	7477.73	2298.5
1278	8389.97	1932.13	7467.42	2265.96
1279	8334.29	1869.82	7412.56	2292.05
1280	8437.38	1958.96	7430.33	2444.97
1281	8419.09	1864.67	7471.01	2458.43
1282	8465.09	1973.31	7397.32	2279.81
1283	8378.34	1823.37	7459.73	2263.12
1284	8433.84	1968.37	7296.36	2269.81
1285	8370.16	1926.61	7293.23	2384.32
1286	8420.49	1924.78	7526.83	2332.33
1287	8346.08	1735.63	7349.4	2298.97
1288	8312.99	1749.98	7428.09	2448.87
1289	8566.92	2277.3	7498.71	2456.71
1290	8439.73	2255	7572.55	2502.99
1291	8377	2199.08	7546.43	2506.82
1292	8328.03	2142.95	7274.77	2503.55
1293	8388.82	2112.61	7687.91	2474.53
1294	8367.3	2064	7565.41	2482.32
1295	8382.07	2170.96	7556.53	2500.79
1296	8402.01	2046.67	7483.52	2468.26
1297	8455.22	2057.1	7343.8	2389.54
1298	8428.35	2107.67	7448.06	2282.62
1299	8416.56	2167.76	7542.59	2269.78
1300	8485.73	2208.51	7736.11	2269.51
1301	8485.26	2260.33	7678.15	2280.61
1302	8518.15	2232.35	8096.61	2278.34
1303	8559.74	2282.17	7712.87	2462.72
1304	8556.59	2307.49	7749.38	2441.41
1305	8530.91	1785.17	7724	2476.14
1306	8592.03	1948.15	7621.82	2500.38
1307	8671.72	1988.67	7521.13	2482.07
1308	8615.12	2026.6	7526.4	2446.86
1309	8589.15	1952.09	7735.94	2399.55
1310	8775.21	2064.06	7664.7	2500.21
1311	8583.02	1864.85	7545.05	2348.9
1312	8567.32	1899.87	7544.65	2444.83
1313	8564.46	1814.1	7556.03	2452.3
1314	8637.27	1996.02	7696	2540.17
1315	8580.72	1991.12	7618.45	2505.33
1316	8513.36	1776.05	7530.05	2496.92
1317	8383.8	1846.59	7181.21	2537.46
1318	8623.74	1930.26	7356.14	2457.37
1319	8489.08	1763.82	7410.37	2321.84
1320	8512.23	1791.7	7719.52	2323.11
1321	8559.62	1791.85	7575.39	2456.18
1322	8679.96	1972.72	7621.63	2381.34
1323	8579.72	1860.73	7806.64	2271.18
1324	8686.58	1977.56	7774.72	2291.65
1325	8716	2000.61	7728.44	2289.07
1326	8703.85	2008.27	8074.94	2297.44
1327	8711.15	1961.57	7717.91	2363.97
1328	8627.41	1990.99	7950.78	2457.31
1329	8609.78	1999.55	8211.85	2457.12
1330	8557.59	1868.88	7827.73	2378.41
1331	8566.22	1792.06	7918.59	2293.46
1332	8586.3	1904.22	8058.11	2323.55
1333	8587.37	1908.52	7681.53	2299.41
1334	8613.47	1833.57	7808.83	2280.01
1335	8639	1963.13	7564.67	2306.18
1336	8653.78	1953.3	7735.65	2291.73
1337	8828.92	2008.4	7995.13	2502.05
1338	8815.21	2020.1	7862.99	2524.13
1339	8771.73	1945.72	8216.6	2551.03
1340	8716.45	1842.97	7947.13	2500.31
1341	8921.07	2036.53	7944.28	2345.06
1342	8804.61	2001.86	7726.88	2333.11
1343	8800.82	2027.36	7880.41	2458.67
1344	8819.57	2008.93	8266.2	2530.86
1345	8712.35	1803.72	7862.4	2526.12
1346	8783.9	2001.94	7785.42	2381.61
1347	8737.22	1946.85	8077.51	2505.18
1348	8629.83	1777.02	8134.63	2553.38
1349	8729.78	1995.09	7905.43	2552.04
1350	8642.61	1952.56	8023.3	2549.48
1351	8440.67	1875.14	8024.56	2517
1352	8684.27	1790.59	7903.31	2454.26
1353	8776.18	1907.1	7971.03	2333.41
1354	8816.22	1908.84	7762.1	2375.61
1355	8775.86	1944.22	7763.88	2547.79
1356	8828.67	1853.89	8046.32	2585.8
1357	8723.27	1896.47	7810.99	2508.94
1358	8817.08	1843.65	7590.59	2449.69
1359	8772.64	1782.68	7687.55	2343.35
1360	8805.03	1943.64	7722.38	2321.13
1361	8816.14	1794.59	7752.55	2299.49
1362	8790.49	1805.64	7689.49	2328.37
1363	8877.6	2027.5	7835.37	2352.2
1364	8821.39	1821.04	7603.96	2321.05
1365	8820.91	1918.08	7741.64	2347.81
1366	8827.85	1927.87	7770.68	2349.83
1367	8864.79	1915.13	7651.08	2359.92
1368	8785.6	1845.6	7825.06	2345.42
1369	8905.97	1888.33	8009.77	2391.36
1370	9030.82	1967.63	7873.99	2405.38
1371	8944.98	2021.1	7876.28	2392.39
1372	9015.41	2079.44	7889.01	2390.92
1373	9073.91	2080.67	8081.73	2371.63
1374	8987.2	2031.57	8055.35	2383.53
1375	8947.84	1974.53	8028.71	2407.15
1376	9006.31	2034.01	8194.86	2381.31
1377	8953	2030.66	8227.99	2351.21
1378	8922.54	1943.11	8232.72	2565.55
1379	8949.34	2036.06	7890.91	2380.61
1380	9017.38	2065.23	7893.07	2398.67
1381	9031.26	2045.04	7879.35	2367.83
1382	8965.7	2080.81	7900.44	2441.95
1383	8962.84	1922.55	8198.44	2569.15
1384	8990	2017.57	7758.35	2568.79
1385	9043.69	2035.63	7929.03	2384.21
1386	9095.3	2127.36	7855.72	2448.45
1387	9114.73	2097.8	8121.71	2572.67
1388	9098.78	2099.86	8070.89	2662.27
1389	9065.28	2095.72	8116.12	2615.17
1390	9053.76	2066.79	7916.23	2501.62
1391	9066.63	2020.53	8013.66	2612.95
1392	8960.93	1987.89	8171.91	2648.11
1393	9035.31	2022.81	8182.62	2658.37
1394	9009.64	1937.61	8313.6	2641
1395	9069.37	1915.48	8195.96	2416.78
1396	9020.8	2044.31	7983.33	2575.79
1397	9021.59	1997	8111.37	2662.99
1398	9059.03	1845.85	8115.47	2648.23
1399	9056.03	1861.78	8354.66	2692.38
1400	9055.08	1855.98	8046.35	2656.84
1401	9120.7	1845.62	8269.26	2627.66
1402	9106.69	1994.94	8487.19	2449.43
1403	9132.62	2019.88	8257.87	2660.66
1404	9085.72	1943.61	8234.9	2618.53
1405	9131	1850.7	8278.95	2670.44
1406	9036.59	1970.12	8379.55	2690.58
1407	9057.4	1854.1	8125.33	2658.17
1408	9043.63	1851.63	8202.18	2570.88
1409	9170.82	2088.21	8319.99	2500.81
1410	9104.57	1979.8	8094.65	2395.93
1411	9228.52	2111.31	8138.23	2459.87
1412	9184.81	2125.03	8182.9	2607.05
1413	9128.48	2010.41	8238.38	2581.41
1414	9078.77	1878.66	8040.16	2611.61
1415	9133.4	2023.43	7993.1	2613.02
1416	9133.65	1994.61	7939.16	2521.61
1417	9167.63	1930.84	8008.17	2384.89
1418	9169.61	1855.39	7976.24	2624.56
1419	9207.81	1923.35	8224.81	2425.35
1420	9130.85	2025.48	8275.92	2417.56
1421	9242.19	1999.42	7962.94	2383.56
1422	9226.3	2049.48	8191.58	2409.39
1423	9213.35	1928.41	8066.82	2388.28
1424	9243.94	2011.97	8075.11	2455.77
1425	9182.54	2022.13	8181.17	2524.93
1426	9188.07	2012.92	8336.49	2389.16
1427	9243.04	1951.54	8087.16	2410.15
1428	9245.65	1986.77	8154.68	2407.23
1429	9205.2	2053.39	8383.72	2634.6
1430	9179.32	2044.3	8288.96	2630.88
1431	9335.03	2123.71	8281.39	2520.11
1432	9251.92	1892.72	8225.47	2377.05
1433	9311.04	1877.96	8470.56	2682.11
1434	9391.62	2085.53	8445.33	2612.59
1435	9241.36	1963.08	8445.42	2656.44
1436	9311.64	1970.62	8375.2	2617.58
1437	9271.79	1877.19	8441.6	2608.09
1438	9290.7	2023.18	8576.28	2701.33
1439	9264.6	1888.83	8641.88	2667.58
1440	9275.36	1953.88	8673.22	2422.71
1441	9305.09	2050.36	8450.03	2492.72
1442	9241.11	1887.1	8233.68	2653.88
1443	9210.22	1872.99	8781.13	2652.2
1444	9094.23	1873.89	8291.49	2535.52
1445	9275.56	2011.72	8373.16	2629.04
1446	9380.71	2092.57	8678.73	2627.98
1447	9384.36	2087.69	8353.91	2618.02
1448	9090.63	1975.55	8658.54	2431.3
1449	9405.56	1968.08	8572.65	2661.48
1450	9429.03	1897.44	8441.33	2583.88
1451	9358.51	1902.83	8464.69	2418.21
1452	9390.19	2035.58	8769.2	2640.2
1453	9441.18	2106.74	8580.18	2601.95
1454	9474.37	2108.62	8368.04	2627.13
1455	9395.63	1935.03	8355.42	2408.82
1456	9416.23	2015	8336.88	2393.9
1457	9378.4	1898.79	8434.33	2430.31
1458	9418.06	1901.11	8519.89	2400.59
1459	9273.02	1943.52	8491.29	2386.66
1460	9510.9	2152.24	8609.04	2401.76
1461	9396.08	2102.16	8282.31	2406.41
1462	9462.96	2119.29	8512.96	2402.44
1463	9425.87	2055.37	8238.16	2413.48
1464	9349.27	2009.31	8519.83	2447.08
1465	9507.84	2141.82	8402.6	2443.11
1466	9580.82	2088.95	8486.29	2471.04
1467	9574.76	2183.56	8337.45	2453.78
1468	9461.66	2095.01	8298.19	2544.38
1469	9443.22	1930.52	8700.14	2479.96
1470	9450.62	1979.49	8451.7	2541.11
1471	9469.55	1934.17	8359.98	2658.48
1472	9484.27	2098.77	8344.37	2454.4
1473	9506.32	2072.91	8361.85	2703.33
1474	9422.79	1981.29	8649.02	2719.31
1475	9580.89	2167.77	8237.84	2677.62
1476	9529.92	2133.51	8370.5	2627.88
1477	9424.82	2048.53	8360	2468.08
1478	9588.46	2205.62	8543.26	2470.03
1479	9505.29	1916.56	8575.3	2562.29
1480	9490.68	1930.97	8639.73	2666.33
1481	9685.83	2153.19	8865.83	2431.58
1482	9659.13	2158.04	8900.78	2660.65
1483	9608.98	2128.77	8611.36	2652.55
1484	9645.23	2126.15	8681.55	2661
1485	9660.6	2159.11	8640.9	2541.03
1486	9635.08	2120.14	8457.64	2440.28
1487	9597.84	2039.24	8532.49	2442.02
1488	9599.53	1921.79	8402.44	2459.69
1489	9606.1	1901.18	8534.82	2460.8
1490	9631.49	2097.47	8480.5	2448.73
1491	9587.48	2123.76	8634.97	2473.4
1492	9624.49	2101.23	8643.08	2454.49
1493	9596.45	2083.05	8333.53	2453.93
1494	9545.03	1939.96	8636.3	2482.08
1495	9513.34	1933.22	8956.33	2443.68
1496	9609.03	2070.86	8849.15	2467.95
1497	9624.5	2052.71	9113.77	2549.05
1498	9680.11	2084.6	8719.18	2739.52
1499	9725.77	2154.4	9075.26	2601.42
1500	9802.69	2208.06	8598.86	2782.14
1501	9657.28	2024.24	8540.02	2742.41
1502	9693.06	2057.27	8811.94	2538.57
1503	9655.08	2106.84	8990.15	2528.61
1504	9720.7	2158.37	8646.76	2755.89
1505	9731.63	2183.26	8682.41	2725.32
1506	9815.91	2226.35	8866	2759.23
1507	9656.95	2014.48	8754.81	2748.85
1508	9717.76	2051.85	8849.98	2737.33
1509	9791.76	2227.41	8602.85	2646.4
1510	9788.79	2174.43	8736.95	2740.82
1511	9732.34	2164.13	8924.74	2533.57
1512	9745.97	2117.08	9017.08	2826.11
1513	9709.64	2204.82	8862.69	3170.12
1514	9770.52	2034.28	8496.58	3175.26
1515	9842.19	2211.13	8688.58	3222.16
1516	9863.6	2228.65	8756.44	3160.03
1517	9930.48	2268.63	8808.31	3123.81
1518	9874.88	2240.21	8895.12	3165.22
1519	9797.87	2176.98	8921.64	3095.27
1520	9775.32	2049.78	8931.58	3134.03
1521	9770.85	2123.68	8756.57	2967.01
1522	9753.94	2001.09	8844.38	2915.84
1523	9737.63	2025.48	8750.55	3132.86
1524	9937.4	2289.85	8651.81	3028.52
1525	9803.73	2175	8721	3180.67
1526	9781.99	2008.87	8674.82	3020.16
1527	9731.42	2045.93	8636.89	2958.99
1528	9822.06	2244.19	8823.58	2887.28
1529	9926.78	2170.91	8943.97	2541.74
1530	9951.39	2183.83	8718.65	2562.14
1531	9853.04	1985.78	8788.82	2566.54
1532	9894.08	2074.7	8609.55	2573.37
1533	9981.83	2207.77	8887.64	2558.22
1534	9984.85	2168.44	9392.8	2558.89
1535	10041.4	2261.43	8921.39	2518.84
1536	10152.3	2294.81	8881.09	2763.14
1537	10031.5	2253.78	8986.11	2810.21
1538	9868.29	1985.69	9008.72	2763.79
1539	9855.27	2082.58	9182.02	2766.06
1540	9905.95	2088.96	8907.9	2730.91
1541	9867.18	1984.08	8981.14	2528.2
1542	9886.85	1976.05	9088.46	2546.84
1543	10094.9	2253.35	9066.41	2554.89
1544	9905	2128.76	9063.5	2722.95
1545	10183.8	2281.67	9524.65	2599.17
1546	9954.54	2049.26	8759.89	2736.82
1547	9943.31	1986.24	9175.34	2547.64
1548	10163.1	2341.88	8694.13	2798.42
1549	10123.3	2271.44	8734.27	2774.37
1550	10168.3	2308.4	8783.36	2787.15
1551	10021.3	2251.81	8778.88	2783.41
1552	10091.7	2283.83	8615.79	2779.79
1553	9859.96	1987.88	8770.32	2819.66
1554	9996.73	2187.16	9102.23	2741.45
1555	10010.8	2199.72	8803.11	2776.59
1556	10019	2121.34	9137.49	2770.51
1557	10046.9	2216.52	8988.13	2727.39
1558	10016.1	2053.2	9277.6	2790.69
1559	10026.6	2013.05	9093.2	2725.22
1560	9980.7	2084.63	8967.38	2735.23
1561	10101.9	2138.61	9441.56	2635.01
1562	10122.1	2216.02	9185.04	2575.78
1563	10052.4	2129.9	9078.66	2576.19
1564	10101	2228.64	9224.77	2650.98
1565	10077.3	2005.39	9060.85	2815.33
1566	10104.9	2084.21	9361.19	2664.7
1567	9973.29	2181.28	9225.2	2565.58
1568	10106.1	2159.71	9126.65	2808.06
1569	10007.3	2046.51	8888.42	2735.86
1570	10088.4	2233.2	9082.93	2843.95
1571	10255.5	2377.63	8883.13	2576.7
1572	10025.4	2166.82	8951.9	2843.12
1573	9998.19	2208.4	9024.73	2833.04
1574	10041.1	1993.16	8945.99	2610.39
1575	10048.1	2108.29	9103.5	2597.71
1576	10177.4	2259.27	8930.52	2700.18
1577	10302.6	2277.14	8951.29	2876.21
1578	10016.9	2204.53	9021.51	2859.36
1579	10192.9	2255.38	8942.34	2862.35
1580	10181.1	2233.37	9142.55	2857.37
1581	10093.3	2088.01	9336.03	2779.42
1582	10125.7	2026.23	9120.76	2823.42
1583	10181.7	2213.62	9104.54	2586.96
1584	10176.9	2164.58	9008.48	2846.57
1585	10118.1	2231.56	8989.82	2869.69
1586	10283.3	2264.45	8823.41	2661.23
1587	10192.2	2187.13	8587.26	2892.72
1588	10237.1	1991.07	8811.08	2785.9
1589	10210.3	2090.16	9029.72	2758.4
1590	10187.2	2099.81	8843.09	2817.3
1591	10182.8	2220.71	8742.03	2785.27
1592	10269.4	2252.98	8727.16	2808.99
1593	10250.9	2161.18	9176.01	2670.73
1594	10407.7	2284.19	9024.13	2742.59
1595	10301.9	2243.02	9214.97	2618.05
1596	10213.7	2199.3	9075.15	2590.85
1597	10263.4	2134.07	9218.15	2839.05
1598	10170.3	2054.34	8896.32	2800.4
1599	10189.2	2008.46	8870.2	2848
1600	10179.7	2114.6	8767.44	2744.61
1601	10331.9	2256.07	8848.97	2810.39
1602	10417.9	2246.93	9036.63	2588.84
1603	10561.5	2251.43	8907.77	2579.89
1604	10285.8	2154.76	9074.93	2598.27
1605	10235	2078.11	8999.66	2892.69
1606	10390	2214.61	8942.44	2834.23
1607	10252.2	2114.47	8926.8	2636.36
1608	10162.7	2174.46	8932.71	2615.8
1609	10659.4	2304.72	8975.13	2615.97
1610	10539.4	2237.8	8863.58	2692.1
1611	10510.7	2168.8	9226.36	2847.66
1612	10516.5	2230.36	9016.42	2852.34
1613	10449.4	2200.58	8603.33	2757.53
1614	10423.3	2170.17	9028.58	2832.08
1615	10619.9	2248.17	9058.48	2864.95
1616	10330.4	2152.22	9475.93	2873.11
1617	10506.6	2210.58	9264.27	2859.24
1618	10400.1	2211.24	9403.48	2573.36
1619	10279.8	2190.64	9211.65	2730.95
1620	10508.3	2213.16	9836.26	2605.09
1621	10361.7	2178	9326.43	2604.09
1622	10422.5	2226.73	9318.77	2867.78
1623	10376	2193.22	9284.96	2873.85
1624	10354.1	2042.03	9468.03	2847.1
1625	10461.1	2266.88	9877.21	2930.55
1626	10467.8	2234.55	9650.87	2667.47
1627	10487.2	2281.9	9504.2	2897.85
1628	10412.3	2180.96	9425.79	2638.78
1629	10363.3	2176.62	9480.45	2868.12
1630	10503.7	2311.78	9503.17	2781.54
1631	10505.6	2245.87	9809.41	2730.8
1632	10454.5	2298.62	9436.43	2865.1
1633	10440.9	2189.57	9789.97	2904.62
1634	10467.2	2127.76	9926.87	2929.98
1635	10588.7	2355.33	9750.58	2890.11
1636	10555.6	2314.77	9616.04	2898.07
1637	10513.8	2283.42	9566.42	2871.88
1638	10178.7	2102.42	9395.46	2718.47
1639	10531.2	2189.52	9897.16	2877.32
1640	10438.4	2069.95	9592.61	2869.33
1641	10609.9	2314.24	9543.94	2904.73
1642	10589.3	2262.91	10080	2895.52
1643	10629.5	2329.02	9208.38	2809.31
1644	10625.4	2296.02	9798.54	2676.42
1645	10680	2337.09	9791.71	2860.17
1646	10662.3	2360.93	9580.36	2953.56
1647	10591.7	2237.9	9695.68	2991.33
1648	10556.1	2263.13	9446.73	2942.53
1649	10341.4	2259.72	9571.63	2963.69
1650	10688.4	2305.44	9578.13	3000.23
1651	10605.8	2278.16	9598.44	2989.29
1652	10563.6	2322.98	9706.28	2996.12
1653	10594.1	2264.33	9704.64	2782.23
1654	10627	2315.62	9413.37	2990.24
1655	10634.1	2326.9	9585.32	2964.12
1656	10597.7	2296.67	10113.7	2965.09
1657	10571.4	2206.64	9684.62	2900.7
1658	10710.2	2336.18	9518.86	2897.73
1659	10662.4	2315.99	9598.55	2955.46
1660	10634.5	2134.6	10188.4	2942.3
1661	10744.9	2338.58	9300.97	2792.13
1662	10642.9	2249.86	9717.63	2863.98
1663	10617.3	2225.89	9319.38	2648.62
1664	10653.7	2069.74	9394.49	2711.95
1665	10683.4	2210.99	9444.28	2766.56
1666	10825.3	2362.55	9716.6	2849.56
1667	10716.6	2288.42	9641.65	2887.82
1668	10613.7	2119.05	10005.3	2849.15
1669	10702.4	2234.24	9482.64	2888.38
1670	10799.7	2361.49	9421.5	2880.87
1671	10737	2251.57	9568.45	2627.49
1672	10635.8	2058.8	9512.99	2941.53
1673	10783.9	2168.7	9534.66	2882.15
1674	10721.2	2091.43	9594.72	2901.56
1675	10795.7	2376.22	9436.09	2898.17
1676	10664.2	2145.56	9821.98	2636.99
1677	10338.6	2130.18	9515.62	2620.36
1678	10701	2306.14	9606.69	2639.33
1679	10866.6	2375.64	9530.44	2632.42
1680	10862	2340.83	9532.27	2637.48
1681	10779.4	2330.61	9985.99	2664.58
1682	10715.1	2243.92	9667.72	2641.03
1683	10792.8	2336.33	9730.78	2675.3
1684	10729.5	2229.33	10018.1	2893.08
1685	10883.1	2318.99	9628.36	2923.8
1686	10699.9	2187.22	9451.41	2771.06
1687	10767.2	2261.22	9542.01	2628.51
1688	10649.6	2228.55	9468.05	2730.87
1689	10949.8	2354.93	10121.9	2951.05
1690	10749.6	2171.66	10010.8	2958.06
1691	10845.2	2125.54	9700.97	2884.96
1692	10886.2	2186.96	10058.1	3001.41
1693	10942.6	2319.8	10214.9	2919.55
1694	10983.5	2316.08	9790.14	2993.49
1695	10778.2	2110.19	9911.09	2967.34
1696	10815.3	2096.66	9843.91	2948.24
1697	10606.5	2093.97	9956.83	2935.46
1698	10852.7	2144.97	10144	2684.95
1699	10892.4	2278.91	9871.43	2923.53
1700	10833.7	2320.24	9729.8	2985.49
1701	10742.6	2283.44	9578.04	2923.92
1702	10648.4	2141.49	9590.68	2658.58
1703	10729.4	2194.22	9674.2	2660.77
1704	10734.2	2118.99	9639.86	2676.78
1705	10867.5	2098.81	9690.34	2673.45
1706	10917.9	2286.3	9760.31	2907.32
1707	10930	2214.36	9592.29	3034.97
1708	11000.7	2363.63	9597.13	2674.86
1709	11002.2	2360.55	9593.43	2937.85
1710	10945.7	2363.99	9559.33	2684.85
1711	11000.7	2338.3	9589.61	2928.52
1712	10933.5	2296.23	9701.18	2647.35
1713	11112.4	2403.52	10174.5	2824.74
1714	10950.1	2319.88	9822.48	2870.12
1715	10974.3	2303.69	9749.6	2887.92
1716	10937	2301.6	10215.3	2873.42
1717	10986.8	2309.17	9897.19	2885.14
1718	11015.3	2303.86	9932.69	2926.06
1719	10918.1	2148.9	9885.24	2659.31
1720	11008.8	2213.87	10288.2	2665.59
1721	11160	2415.7	9862.84	2697.23
1722	11218.3	2422.03	10293	2703.88
1723	11134.9	2399.05	9869.38	2970.68
1724	11246.9	2414.85	9765.47	2850.88
1725	11093	2368.04	9910.97	2862.62
1726	11097.7	2370.8	10013.1	2989.88
1727	10890.1	2205.97	10431.6	2697.1
1728	11018.5	2297.02	10571.5	2933.58
1729	10964.6	2309.32	10222.7	2705
1730	11044.3	2323.56	9911.81	2940.13
1731	11091.6	2266.85	9914.86	2944.88
1732	11014.4	2193.43	10494.1	2985.24
1733	11038.5	2127.97	10188.6	2976.66
1734	11008.5	2169.36	10432.7	2732.92
1735	11060.3	2336.02	10582.8	2975.88
1736	11031.2	2359.44	9975.47	3034.39
1737	11226.6	2349.83	10023.3	2686.97
1738	11139.9	2315.8	9722.51	2926.09
1739	11186.2	2385.94	9910.3	2723.26
1740	11222.4	2343.48	9833.23	2861.22
1741	11213.8	2317.14	9838.49	2940.68
1742	11251.7	2399.05	10040.8	3012.04
1743	11209.7	2363.13	9843.51	2683.93
1744	11221.5	2364.2	10064.1	2872.98
1745	11109.5	2154.3	10461.8	2770.45
1746	11283.8	2390.43	9944.89	2925.68
1747	11298.3	2431.27	10050.6	2904.44
1748	11361	2463.21	10549.4	2967.73
1749	11158.7	2288.32	9765.62	2857.54
1750	11311.5	2468.77	9872.22	2913.38
1751	11210.9	2358.13	9686.03	2671.38
1752	11194.7	2319.35	9789.22	3014.91
1753	11218.4	2393.1	9857.68	2835.21
1754	11197.2	2358.06	10036.3	3106.04
1755	11303.7	2392.44	9875.52	2804.3
1756	11293.2	2407.65	10068.7	2815.1
1757	11366.9	2459.35	10162.1	2829.92
1758	11266.2	2175.41	10420.4	3104.66
1759	11209.9	2199.11	10378.4	2788.18
1760	11254.5	2231.81	10158.7	2800.67
1761	11319.3	2437.57	10120.4	3063.95
1762	11381.6	2401.55	9894.99	3120.73
1763	11326.9	2417	9870.02	2828.22
1764	11358.5	2386.11	9876.6	2997.67
1765	11330.1	2413.24	9963.51	3056.09
1766	11372.8	2429.16	10063.9	3117.13
1767	11345.4	2293.29	10064.3	2984.58
1768	11387.9	2416.12	9917.59	3060.36
1769	11514.4	2561.96	9838.27	2925.26
1770	11595.4	2559.6	10115.8	2936.09
1771	11454.6	2367.99	10180.5	3000.67
1772	11323.9	2274.4	9864.68	3188.26
1773	11407.6	2384.45	10067.5	3178.87
1774	11349.2	2355.98	10022.1	3267.37
1775	11422.2	2495.03	9988.44	2966.04
1776	11448.1	2507.42	9885.73	3236.08
1777	11412.9	2422.99	9909.72	3222.31
1778	11462.2	2495.63	9885.18	3134.79
1779	11359.6	2309.28	10011.6	3192.39
1780	11278.8	2357.09	9982.2	3088.53
1781	11420.7	2506.19	10137.7	2906.98
1782	11444.8	2519.07	10383.7	3040.37
1783	11464.9	2529.32	10644.8	3166.18
1784	11342.6	2438	10280.6	3213.58
1785	11609.8	2486.79	10222.4	3141.23
1786	11544.4	2338.09	10403.6	3123.38
1787	11550.2	2394.96	10818.6	3064.29
1788	11479.1	2397.16	10465.5	2853.68
1789	11481.6	2288.28	10205.2	3114.41
1790	11568.1	2452.14	10230	3089.9
1791	11571.5	2499.34	10609.2	2964.43
1792	11541.2	2362.05	10528.6	2873.35
1793	11622.1	2489.37	10483.7	3133.94
1794	11687.6	2555.07	10170.8	3171.97
1795	11595.1	2437.36	10223.8	3092.48
1796	11454.2	2334.83	10260.1	3096.6
1797	11472.1	2428.24	10840.3	2814.9
1798	11371.7	2348.61	10323	2892.95
1799	11549.6	2489.44	10045.1	3140.16
1800	11371	2234.79	10292	3131.61
1801	11505.4	2228.03	10076.5	3029.49
1802	11588.9	2360.79	10281	2868.39
1803	11590.6	2469.31	10112.7	2811.55
1804	11639.8	2479.66	10167.2	3071.45
1805	11590.4	2519.52	10261.3	3097.01
1806	11641.9	2433.22	10365.3	3073.56
1807	11545	2238.33	10161.4	3106.96
1808	11519.5	2243.81	9936.93	3100.21
1809	11620.5	2327.19	10481.9	3106.59
1810	11521.9	2237.12	10056.7	3037.82
1811	11620.7	2358.67	10811.7	3051.07
1812	11690.9	2452.31	10269.7	3137.55
1813	11634.9	2476.13	10213.8	3130.24
1814	11702.4	2468.66	10342.6	2878.46
1815	11681	2390.35	10895.4	2812.4
1816	11581.9	2314.24	10186.1	2862.04
1817	11656	2567.39	10393.9	3192.07
1818	11756.2	2531.46	10495.2	3158.49
1819	11770.6	2519.6	10575.3	3254.07
1820	11630.5	2558.22	10706.6	3254.97
1821	11885.8	2870.96	10324.6	3112.69
1822	11596.2	2565.48	10690.7	2925.59
1823	11697.7	2536.44	10615.6	2894.68
1824	11723.7	2787.87	10533.5	2901.55
1825	11624.2	2717.49	10786.3	2899.51
1826	11774.9	2814.59	10690.6	3144.54
1827	11805.8	2813.1	10433.4	2999.09
1828	11724.2	2787.32	10509.9	2885.5
1829	11775.3	2768.18	10922.6	2786.92
1830	11719	2705.27	10677.5	2804.74
1831	11736.9	2761.53	10559.1	2681.42
1832	11806.1	2735.36	10671	2655.4
1833	11689.4	2523.23	10430.4	3042.59
1834	11673.1	2327.91	10294.6	2829.2
1835	11748.7	2405.64	10295.7	2645.14
1836	11842	2450.52	10184.8	2631.89
1837	11928.5	2473.09	10191.9	2666.77
1838	11784	2437.23	10719.9	2930.66
1839	11747.1	2449.56	10626	3009.58
1840	11707.5	2301.55	10673	3053.31
1841	11852	2528.12	10740.8	3109.78
1842	11852.1	2497.29	10690.9	2673.15
1843	11859	2542.36	10361.2	2793.31
1844	11916.3	2521.41	10677.8	2960.08
1845	11857.7	2546.23	10660.6	2950.36
1846	11784	2408.29	10610.9	2895.52
1847	11840.3	2427.17	10921.4	2941.65
1848	11726.9	2408.97	10744.8	2785.1
1849	11913.8	2504.44	10756.5	2949.94
1850	12026.7	2523.64	10539.5	3116.21
1851	11744.1	2353.54	10999.5	2865.01
1852	11900.7	2478.11	10384.8	3138.69
1853	11806.8	2378.86	10684.9	2894.64
1854	11941.2	2476.27	10686.5	3145.14
1855	11984.6	2573.31	10549.7	2695.57
1856	12012.6	2521.08	10522.4	2736.02
1857	11923	2466.08	10694.9	3186.12
1858	11925.9	2449.76	10749	2685.69
1859	11718.1	2272.05	10868.3	2947.92
1860	11627.7	2357.84	10816.8	2680.85
1861	11950.4	2501.46	10651.4	2759.87
1862	12006.2	2587.65	10761.1	2967.1
1863	11950.2	2513.45	10747.5	3120.58
1864	11802.1	2282.73	10523.4	2917.27
1865	11973.4	2274.81	11241.2	2740.59
1866	12117.9	2532.28	11293.4	3108.54
1867	12036.3	2473.33	10896.1	2692.05
1868	11938.1	2304.38	10567.6	3153.71
1869	12030.5	2440.22	10941.6	2666.4
1870	11780.7	2406.16	10663.4	2697.32
1871	11852.4	2288.01	10430.9	2872.42
1872	11966.5	2450.63	10248.4	2860.71
1873	11900.3	2470.32	10461.9	3158.9
1874	11942.5	2499.34	11119.9	3273.07
1875	11905.2	2456.82	10214.7	2695.67
1876	11954.9	2407.83	10683.7	2914.03
1877	11950.5	2409.12	10286.8	2702.55
1878	11832.4	2457.19	10416.2	2750.65
1879	11893.4	2261.62	10525.5	2671.03
1880	11994.9	2481.28	10428.1	2702.61
1881	12064.9	2457.38	10419.6	3066.99
1882	12092.9	2424.89	10466.6	3193.47
1883	12084.2	2507.97	10460.6	2785.21
1884	12087.1	2507.23	10264.1	2786.38
1885	12064.2	2263.16	10296.1	2774.93
1886	12076.2	2254.52	9842.85	2715.33
1887	12104.9	2259.92	10361.2	2793.31
1888	12129.2	2401.92	10452.2	3180.59
1889	12034.1	2418.86	10079.4	3067.44
1890	12144.4	2463.44	10383.2	3123.38
1891	12050.2	2425	10503	3056.89
1892	12014.4	2429.62	9933.61	2782.57
1893	12075.2	2439.78	9700.89	2960.34
1894	12083.9	2540.68	10179.3	2762.07
1895	12029.1	2450.12	10087.9	2829.96
1896	12002.3	2455.88	9781.45	2726.16
1897	12017.7	2466.47	9935.05	2802.79
1898	12135.3	2255.05	10552	2781.68
1899	12119	2398.74	9969.41	3262.86
1900	12093.8	2446.2	9958.92	2946.76
1901	12104.4	2276.66	10572	2784.83
1902	11961.6	2454.02	10435.2	3055.42
1903	12212.1	2468.31	10403.2	2729.77
1904	12136.5	2511.96	10228.2	2727.04
1905	12187.5	2521.89	10290.1	2716.14
1906	12243.2	2496.1	9902.86	2912.22
1907	12266.8	2617.92	10504.4	2993.63
1908	12203.8	2561.44	10474.8	2911.17
1909	12201.9	2485.84	10243.6	2863.35
1910	12117.9	2498.94	10549.7	2872.49
1911	12179.6	2540.91	10163.6	2836.96
1912	12129.1	2299.03	10134.9	2964.53
1913	12242.2	2421.29	10578.6	2859.58
1914	12280.2	2588.4	10229.8	2867.43
1915	11860.7	2490.72	9500.79	3289.89
1916	12379.1	2617.51	9890.51	2873.24
1917	12347.8	2560.89	10449.5	2867.81
1918	12204	2516.93	10116.9	2844.31
1919	12214.1	2510.42	10277.5	2953.71
1920	12146.2	2298.26	10390.7	3299.98
1921	12224.6	2366.76	10306.1	2861.99
1922	12215.3	2525.16	10322.5	3322.45
1923	12322.2	2570.41	10598.1	2975.66
1924	12218.5	2445.96	10525.4	3141.73
1925	12298	2543.97	10370.8	3276.13
1926	12277.9	2474.05	10662.1	3134.57
1927	12300	2545.14	10498.4	2818.6
1928	12347.1	2590.6	10566.1	2813.32
1929	12433.3	2617.77	10575.5	3274.3
1930	12458.3	2596.89	10715.5	2796.2
1931	12609.4	2665.69	10134.4	2825.33
1932	12461.3	2611.93	10614.3	3234.03
1933	12543.7	2666.72	11779.4	2818.41
1934	12421.7	2586.96	10748.5	3062.2
1935	12496.9	2610.43	10723.3	3316.79
1936	12541.6	2640.04	11074.5	3350.52
1937	12557.6	2662.43	11002.8	2864.73
1938	12391.3	2609.64	10945.6	2807.83
1939	12602.4	2702.54	11233.5	3298.45
1940	12230.6	2525.92	11311	2804.06
1941	12372.3	2541.55	11318.1	2844.2
1942	12389.5	2539.1	10926.6	2796.04
1943	12319.7	2497.77	11129.6	2802.79
1944	12451.3	2646.02	10462.3	2850.52
1945	12468.9	2596.57	10474.4	3046.78
1946	12347.4	2351.63	10614.3	2849.21
1947	12469	2452.81	11062.5	2878.72
1948	12626.6	2661.06	11029.9	2826.62
1949	12379.4	2477.37	10736.6	2856.89
1950	12176.9	2518.86	10629	2865.4
1951	12559.5	2594.61	11054.8	3299.09
1952	12545.9	2572.54	10979.6	3016.18
1953	12494	2489.16	10725.6	2832.97
1954	12387.1	2431.14	10951.3	2862.07
1955	12480.9	2472.51	10509.7	3245.14
1956	12414.4	2357.76	10876.4	2818.74
1957	12391.7	2349.79	10806	2959.07
1958	12460.9	2489.95	10639.7	3309.16
1959	12512.6	2699.38	10993.6	3151.87
1960	12709.9	2698.79	11160.5	3258.94
1961	12587.8	2629.26	11057.6	2807.19
1962	12521.5	2562.05	11353.6	2816.48
1963	12506.6	2579.27	11104.8	3285.92
1964	12541.2	2574.77	11322	2804.67
1965	12648	2605.94	11009.6	2836.52
1966	12529.3	2583.94	11578.3	2811.31
1967	12495.6	2513.96	11203.1	2915.56
1968	12504.4	2521.17	10968.2	3100.62
1969	12509.8	2515.85	10352.4	2893.42
1970	12533.2	2591.04	10763.9	2769.52
1971	12559.7	2467.5	11144	2781.06
1972	12526	2465.13	10930.8	2781.11
1973	12526.6	2488.52	10586.3	2792.04
1974	12520.8	2325.12	11152.9	3305.49
1975	12392.1	2359.58	10329.1	2911.68
1976	12515.7	2346.7	10206.1	2805.86
1977	12675.8	2349.61	10719.2	3197.43
1978	12657.6	2330.34	10668	3169.16
1979	12646.2	2336.56	10795.3	3338.99
1980	12608.5	2352.02	10834.2	2848.23
1981	12597.5	2549.89	10344.1	2823.5
1982	12569.2	2508.93	11583.8	3325.89
1983	12672.8	2554.53	11110	3390.02
1984	12632.4	2574.86	10810.1	3185.4
1985	12650.1	2506.02	10697.6	3413.24
1986	12677.2	2584.37	10834.6	2846.28
1987	12605.7	2498.12	10808.1	2881.51
1988	12586.6	2635.67	10367.6	3242.99
1989	12662.2	2624.66	11229	3434.37
1990	12652.5	2508.88	10271.6	3141.56
1991	12596.9	2525.51	10602.8	2881.38
1992	12569.9	2532.41	10584.9	2878.82
1993	12573	2499.06	10562.9	2968.94
1994	12812.2	2616.02	11497.4	3280.43
1995	12787.5	2349.9	10849.7	2875.94
1996	12778.3	2610.76	10806.7	2845.34
1997	12684.1	2345.82	10604.5	2807.33
1998	12758.5	2528.32	10362.3	2830.43
1999	12859.1	2683.46	10465.3	3093.81
2000	12832	2686.69	10944.3	2827
2001	12803.6	2644.09	10718.8	2830.65
2002	12594.2	2580.51	10722.8	2841.92
2003	12622.2	2539.37	10850.1	3028.47
2004	12841.4	2701.72	10818.2	3352.13
2005	12830	2647.79	11122.7	2865.89
2006	12690.1	2566.13	10938.3	2844.72
2007	12710	2608.11	10759.1	2881.1
2008	12729.3	2621.53	9829.53	2859.15
2009	12824.4	2647.31	11094.6	2901.7
2010	12913.3	2740.56	11157.6	2894.4
2011	12797.2	2663.4	10620.5	3291.61
2012	12825.1	2675.17	10912.1	2904.08
2013	12739.2	2619.94	9985.06	3279.65
2014	12877.3	2671.32	10526.7	3249.83
2015	12749.3	2633.92	10342.3	3421.53
2016	12946.6	2715.51	10853.5	3293.78
2017	13019.6	2637.97	11656.4	2883.89
2018	12757.3	2427.28	10788.1	3198.31
2019	12817.8	2473.69	11549.7	3440.17
2020	12875.4	2641.52	10112.6	3309.16
2021	12849.2	2359.08	10537.1	3385.31
2022	12810.2	2379.66	10536.4	3386.55
2023	12843.1	2470.89	11059.3	2910.09
2024	12793.8	2406.35	11311.6	2928.5
2025	12909.7	2697.67	12234.4	3931.99
2026	12955.4	2762.07	11722.9	3888.31
2027	12957.1	2639.72	11307.7	3900.12
2028	12888	2679.21	11329.2	4305.79
2029	12901.4	2418.93	11451	3900.31
2030	12886.7	2534.92	11370	4324.32
2031	13069.6	2781.01	11209	4142.74
2032	12924.5	2641.15	11279.2	4013.15
2033	12877.2	2634.43	11346.2	3873.43
2034	12926	2674.01	11867.7	3894.32
2035	13096	2798.33	11047.7	3924.6
2036	13044.6	2675.18	11247.3	4326.89
2037	12798.9	2520.33	11178.8	3899.05
2038	13059.4	2652.59	10830.4	3867.43
2039	13194.5	2862.54	11456	4331.62
2040	12951.8	2532.06	11545.5	4325.08
2041	13079.2	2631.68	11421.1	2942.98
2042	12976.8	2456.51	11350.2	2965.39
2043	13079.3	2654.74	11523.1	3074.57
2044	12997.5	2404.08	11013	3515.41
2045	13025.9	2488.28	11545.1	3290.19
2046	13022.5	2663.71	10912.7	2904.92
2047	13059.5	2576.81	11375	2975.11
2048	13049.7	2610.65	11405.1	3414.91
