#n	n=4096	n=8192	n=16384	n=32768	n=65536	n=131072
2	16.03061224	17	53.90816327	169.9897959	349.0408163	711.3877551
3	13.78571429	42.81632653	136.5	248.0306122	458.2959184	952.6326531
4	52.3877551	159.4183673	246.1530612	368.1836735	790.0204082	1282.897959
5	80.29591837	186.3265306	339.2346939	610.2346939	1122.602041	2111.295918
6	89.3877551	205.5204082	412.0102041	795.6836735	1668.122449	3350.836735
7	117.4795918	291.9285714	459.4795918	872.1326531	1884.204082	4056.693878
8	106.1530612	230.744898	462.8265306	1035.795918	2092.979592	4310.336735
9	113.8877551	240.8673469	477.0510204	947.9693878	2051.642857	4412.765306
10	121.6020408	253.3571429	504.1938776	1002.397959	2187.408163	4666.734694
11	125.877551	264.9081633	524.0714286	1066.438776	2295.040816	4802.010204
12	128.0918367	269.6122449	539.4897959	1060.612245	2329.428571	4905.765306
13	131.3979592	278.0102041	552.5714286	1144.193878	2389.816327	5011.693878
14	141.4693878	290.8979592	570.2959184	1129.295918	2479.173469	5174.132653
15	141.3367347	293.8877551	580.7244898	1162.806122	2513.44898	5467.255102


2	20.44897959	21.19387755	34.15306122	91.55102041	187.9693878	374.2142857
3	12.57142857	21.12244898	41.34693878	108.5306122	221.0204082	485.9489796
4	17.76530612	26.44897959	64.17346939	139.1020408	325.0714286	568.9795918
5	16.5	28.75510204	66.68367347	147.2755102	294.8571429	589.7653061
6	15.98979592	32.14285714	80.12244898	170.7040816	355.1122449	720.6530612
7	19	34.78571429	92.91836735	187.5918367	381.5918367	763.0102041
8	18.24489796	37.52040816	100.4897959	229.122449	452.5918367	848.5
9	20.20408163	41.09183673	109.9285714	227.4387755	457.0816327	960.8163265
10	20.84693878	47.25510204	121.5612245	249.7346939	503.4795918	1073.357143
11	21.96938776	53.29591837	135.7142857	285.4489796	561.2857143	1207.469388
12	23.18367347	59.39795918	147.0102041	299.6428571	604.2653061	1327.979592
13	23.30612245	64.84693878	154.1122449	330	639.1938776	1412.265306
14	24.87755102	72.62244898	171.2346939	343.5918367	692.4285714	1522.836735
15	26.82653061	78.07142857	180.6632653	366.255102	751.8367347	1651.193878


2	4.326530612	12.93877551	14.78571429	77.70408163	188.122449	368.8571429
3	6.387755102	13.23469388	27.28571429	97.57142857	202.4183673	426.6632653
4	23.40816327	90.96938776	183.1020408	351.7857143	486.3673469	848.255102
5	58.76530612	159.4693878	283.1836735	464.3469388	766.0918367	1311.459184
6	79.74489796	189.7040816	380.0306122	714.6530612	1336.367347	2444.72449
7	91.44897959	209.0204082	418.0816327	814.5102041	1764.183673	3719.357143
8	100.1326531	219.9081633	439.3979592	865.5102041	1867.989796	4116.979592
9	107.3265306	230.2142857	483.4591837	933.6326531	1961.418367	4242.591837
10	117.4693878	244.0918367	486.122449	966.877551	2103.897959	4517.653061
11	141.8979592	296.8469388	556.9489796	987.3265306	2325.5	4793.489796
12	124.3265306	262.1836735	524.7040816	1017.377551	2238.602041	4768.602041
13	127.744898	269.9591837	536.5408163	1068.346939	2312.612245	4860.77551
14	132.8877551	277.3265306	547.8469388	1132.071429	2402.020408	5081.510204
15	136.5306122	281.8367347	557.5306122	1119.459184	2414.673469	5287.602041


2	9.040816327	26.94897959	107.3673469	34.7244898	365.1938776	187.9387755
3	10.8877551	23.71428571	107.377551	51.26530612	429.622449	213.8061224
4	13.17346939	22.62244898	149.1428571	54.84693878	505.6836735	249.4387755
5	12.59183673	24.14285714	141.3163265	62.34693878	577.9183673	286.3265306
6	14.40816327	28.76530612	161.755102	76.05102041	672.0612245	324.8163265
7	15.93877551	31.82653061	179.7959184	87.06122449	735.0102041	367.255102
8	16.94897959	34.76530612	200.2346939	97.7244898	825.2040816	404.1122449
9	17.97959184	37.94897959	228.1530612	114.0306122	938.2040816	447.2142857
10	18.91836735	44.19387755	245.8367347	120.0408163	1087.642857	495.4591837
11	21.42857143	55.31632653	271.7857143	145.5306122	1264.785714	599.3571429
12	20.74489796	56.7244898	297.4387755	147.7244898	1333	600.744898
13	20.97959184	63.08163265	327.0204082	155	1432.204082	636.377551
14	22.08163265	67.92857143	355.3367347	169.5510204	1563.928571	698.755102
15	24.32653061	75.65306122	366.877551	180.5204082	1674.72449	751.1836735


2	2.040816327	6.857142857	7.734693878	12.39795918	59.31632653	191.7346939
3	3.56122449	7.683673469	10.74489796	42.01020408	141.7653061	291.5306122
4	7.755102041	10.41836735	19.7244898	84.46938776	164.1326531	281.4081633
5	25.7244898	116.4897959	220.1734694	404.4387755	788.2959184	1339.316327
6	79.5	221.1326531	400.1428571	612.7755102	1142.020408	2113.05102
7	80.26530612	190.8163265	383.5816327	750.5918367	1626.969388	3335.826531
8	95.21428571	204.6326531	410.0204082	843.755102	1748.928571	3817.928571
9	105.1632653	218.8469388	432.5612245	860.2244898	1907.44898	4213.540816
10	151.5102041	313.5	459.0408163	916.3673469	1999.306122	4274.295918
11	118.6836735	247.4387755	484.4183673	954.6734694	2111.265306	4445.234694
12	119.5714286	252.2244898	504.1122449	982.5510204	2181.887755	4752.193878
13	166.5306122	272.0204082	588.9897959	1204.336735	2227.193878	4668.642857
14	129.6020408	270.6632653	536.8061224	1063.255102	2330.22449	4820.94898
15	176.5714286	362.5510204	719.0816327	1291.714286	2769.94898	5147.816327


2	7.959183673	26.43877551	34.94897959	114.4897959	188.7653061	396.6734694
3	9.775510204	21.32653061	36.29591837	118.8877551	212.6326531	420.7857143
4	11.34693878	18.75510204	47.12244898	117.7040816	240.0816327	492.1428571
5	10.67346939	20.16326531	57.84693878	140.5408163	320.622449	681.4795918
6	12.68367347	25.17346939	82.82653061	154.4489796	309.8265306	646.8673469
7	14.45918367	28.43877551	85.03061224	174.4387755	357.7755102	699.7244898
8	16.92857143	32.23469388	94.68367347	201.1020408	391.0714286	793.7244898
9	17.18367347	35.41836735	104.9591837	218.8571429	454.8469388	1085.387755
10	17.64285714	46.53061224	117.5408163	240.3979592	483.0510204	1032.857143
11	18.65306122	48.3877551	133.2959184	271.8673469	547.2244898	1202.571429
12	19.03061224	54.30612245	146.6734694	296.6530612	604.2755102	1371.693878
13	19.87755102	63.92857143	173.0714286	368.6530612	630.4489796	1418.05102
14	20.13265306	65.92857143	172.2653061	349.1428571	703.8163265	1550.27551
15	23.68367347	90.59183673	234.5306122	434.5306122	933.7653061	1692.193878


2	1.112244898	3.744897959	4.591836735	7.142857143	13.74489796	71.66326531
3	2.62244898	4.755102041	6.704081633	12.5	48.52040816	155.6122449
4	3.306122449	4.765306122	9.93877551	17.21428571	91.86734694	203.7857143
5	9.979591837	18.02040816	49.90816327	139.7755102	188.4387755	282.5
6	30.08163265	118.1122449	231.4285714	445.1530612	878.1734694	1749.102041
7	61.91836735	161.3673469	322	637.8265306	1357.938776	2877.489796
8	81.2755102	185.4489796	370.7244898	740.3979592	1594.22449	3469.142857
9	112.1632653	272.3877551	539.877551	952.6428571	2095.714286	3852.336735
10	113.0816327	228.0510204	439.8367347	868.1326531	1888.255102	4053.479592
11	118.5306122	322.9489796	628.9591837	899.5306122	2000.816327	4410.959184
12	157.1734694	333.5408163	664.9897959	987.3265306	2078.530612	4389.642857
13	120.5204082	255.9183673	507.6734694	1000.918367	2138.479592	4520.387755
14	126.4183673	267.5204082	522.9591837	1036.795918	2381.387755	4738.867347
15	126.7959184	264.0816327	524.5816327	1049.673469	2264.663265	5207.05102


2	7.724489796	24.56122449	36.16326531	98.16326531	177.9795918	357.7040816
3	9.448979592	17.64285714	34.35714286	106.3469388	207.0510204	416.5102041
4	10.75510204	18.81632653	55.76530612	122.3877551	239.7755102	484.3163265
5	12.75510204	25.44897959	65.47959184	172.8469388	292.7653061	538.6836735
6	11.10204082	22.17346939	67.01020408	147.7755102	298.2142857	624.9795918
7	12.98979592	25.26530612	79.34693878	167.0102041	335.7346939	710.377551
8	14.47959184	29.30612245	92.02040816	189.622449	380.5204082	768.5714286
9	16.87755102	34.65306122	131.5	249.2142857	547.7142857	1001.183673
10	16.54081633	41.02040816	117.6836735	237.2959184	474.9285714	1020.173469
11	17.2755102	54.44897959	170.3061224	267.122449	538	1276.693878
12	18.68367347	62.08163265	188.4183673	303.9387755	593.877551	1317.571429
13	18.07142857	60.52040816	157.1734694	326.377551	629.7142857	1437.153061
14	18.78571429	66.7755102	173.5204082	351.7959184	763.7040816	1578.653061
15	20.36734694	71.13265306	181.3469388	366.9387755	752.4897959	1814.704082


2	0.724489796	2.234693878	2.265306122	3.693877551	7.214285714	12.62244898
3	1.37755102	3.255102041	3.316326531	5.43877551	9.551020408	20.54081633
4	2.56122449	4	6.612244898	12.5	52.84693878	134.8979592
5	4.530612245	6.397959184	6.959183673	10.66326531	28.44897959	141.6632653
6	13.1122449	38.35714286	115.7346939	157.4489796	221.6122449	367.8673469
7	38.44897959	122.5306122	230.1734694	434.744898	920.3877551	2030.306122
8	91.75510204	220.6020408	427.0306122	693.7142857	1321.183673	2880.816327
9	89.76530612	189.744898	364.9795918	717.4693878	1531.938776	3468.27551
10	117.1938776	291.244898	523.4285714	796.1734694	1731.05102	3811.561224
11	151.4081633	283	445.2346939	852.5918367	1871.091837	3974.642857
12	114.4897959	242.5102041	481.6530612	917.1938776	1972.744898	4211.561224
13	156.7346939	332.4795918	547.877551	1106.27551	2281.489796	4309.642857
14	125.3265306	255.6326531	623.6938776	1344.387755	2366.255102	4666.540816


2	7.969387755	28.5	34.37755102	93.19387755	181.0102041	353.2959184
3	8.632653061	23.12244898	36.68367347	131.9081633	204.3061224	403.255102
4	10.97959184	19.07142857	46.10204082	115.2346939	235.2857143	471.0612245
5	11.85714286	23.2244898	54.65306122	129.9387755	263.6836735	687.2040816
6	11.89795918	20.84693878	82.3877551	157.622449	287.9897959	601.8265306
7	11.75510204	22.98979592	78.56122449	163.255102	323.5714286	772.6530612
8	13.44897959	27.59183673	115.2244898	204.1530612	366.3979592	745.9285714
9	14.7244898	30.85714286	100.2653061	208.0918367	411.4081633	1006.612245
10	17.80612245	43.65306122	140.2346939	231.7653061	464.255102	1063.887755
11	16.53061224	50.89795918	134.8061224	263.8061224	531.3163265	1180.040816
12	16.8877551	51.06122449	147.4693878	294.0714286	586.3265306	1317.234694
13	17.30612245	72.05102041	171.744898	362.4591837	734.122449	1408.989796
14	17.85714286	61.05102041	208.3367347	454.8367347	788.2653061	1599.714286

