n     ../ValueBased/Qsort_straight	../ValueBased/Qsort_2_6_6	../ValueBased/Qsort_2_6_11	../ValueBased/Insertion
1	3	2	3	3
2	4	3	3	7
3	4	3	3	8
4	5	3	4	9
5	4	4	4	10
6	6	4	4	10
7	5	4	5	10
8	6	5	5	10
9	6	5	6	11
10	7	6	6	11
11	7	6	6	12
12	7	7	7	12
13	7	7	7	13
14	8	7	8	13
15	8	7	8	13
16	9	7	8	13
17	9	8	8	14
18	10	8	9	13
19	10	8	9	14
20	10	9	10	14
21	11	9	10	14
22	11	9	11	14
23	12	10	10	16
24	12	10	11	16
25	12	10	11	16
26	13	10	13	16
27	13	11	13	18
28	13	11	14	18
29	13	12	14	17
30	14	12	15	19
31	14	13	15	19
32	15	13	14	21
33	16	13	16	23
34	15	13	16	21
35	17	14	15	21
36	17	15	16	21
37	16	14	15	25
38	17	15	16	25
39	20	16	18	24
40	176	17	19	26
41	178	17	17	23
42	168	16	19	25
43	157	19	20	26
44	179	18	20	28
45	175	17	20	26
46	164	18	21	26
47	172	18	21	28
48	176	19	21	32
49	148	20	21	29
50	176	20	22	35
51	156	22	22	32
52	149	21	24	32
53	188	23	23	32
54	190	21	22	33
55	166	25	24	34
56	181	23	25	39
57	166	25	26	34
58	185	23	27	37
59	159	22	25	35
60	166	25	24	36
61	173	23	25	39
62	174	28	25	38
63	172	24	29	39
64	171	29	29	39
65	190	23	29	41
66	161	25	30	39
67	188	25	30	43
68	165	24	30	44
69	181	27	29	46
70	172	26	29	44
71	161	29	29	46
72	165	27	33	46
73	161	27	32	50
74	179	29	34	48
75	167	27	31	49
76	173	29	38	50
77	179	30	33	47
78	174	28	33	52
79	171	31	35	53
80	187	30	32	52
81	196	29	33	54
82	184	31	32	51
83	178	30	35	52
84	178	28	35	59
85	205	31	37	61
86	184	34	37	59
87	177	32	36	59
88	183	33	39	58
89	160	33	39	56
90	179	35	37	63
91	182	36	33	58
92	196	35	38	57
93	175	37	36	67
94	186	36	40	64
95	211	34	40	61
96	173	36	39	70
97	193	33	38	64
98	185	37	43	65
99	180	38	41	77
100	169	36	40	74
101	173	41	42	78
102	168	40	42	74
103	190	36	41	70
104	173	40	42	76
105	186	42	46	73
106	181	40	41	80
107	195	36	49	84
108	173	38	44	73
109	181	38	45	80
110	180	38	48	75
111	173	43	52	86
112	173	44	47	74
113	163	45	48	77
114	202	40	47	73
115	179	38	47	93
116	176	43	46	81
117	183	44	45	81
118	177	43	47	81
119	180	44	51	94
120	170	43	53	82
121	172	41	53	89
122	191	48	49	87
123	192	46	48	97
124	190	49	48	95
125	231	42	49	88
126	169	41	48	99
127	190	47	56	103
128	168	44	55	99
129	173	48	48	104
130	178	47	54	106
131	174	44	50	109
132	186	45	53	104
133	188	42	48	104
134	203	50	50	109
135	191	49	59	108
136	185	53	54	114
137	172	47	54	109
138	189	52	53	115
139	185	51	50	114
140	185	49	56	111
141	183	51	58	107
142	195	47	50	109
143	186	48	59	104
144	199	52	52	130
145	182	51	58	117
146	190	52	54	120
147	187	48	57	113
148	191	47	61	121
149	194	51	58	120
150	196	50	65	123
151	193	52	67	117
152	196	60	61	125
153	198	56	66	128
154	200	55	58	123
155	198	49	69	123
156	181	53	63	132
157	190	63	65	124
158	199	53	64	137
159	189	56	62	133
160	196	55	64	131
161	196	57	66	140
162	208	61	61	135
163	194	58	67	134
164	189	63	57	138
165	191	58	64	141
166	228	58	64	141
167	204	64	65	155
168	198	60	67	141
169	188	56	67	156
170	189	61	64	162
171	191	56	62	155
172	202	60	65	149
173	202	59	63	147
174	192	57	64	144
175	199	54	72	151
176	201	57	69	146
177	216	63	67	190
178	222	65	63	151
179	291	67	68	149
180	200	57	65	153
181	226	61	65	180
182	215	65	66	162
183	223	60	69	167
184	201	67	82	166
185	207	64	71	169
186	211	64	77	161
187	236	68	76	178
188	223	64	67	176
189	209	66	73	179
190	204	73	72	175
191	214	66	70	183
192	217	65	71	182
193	217	62	69	174
194	213	66	78	187
195	212	73	81	180
196	214	69	75	201
197	223	65	73	183
198	235	69	76	186
199	199	64	74	191
200	213	66	73	208
201	212	79	80	191
202	223	73	82	202
203	228	71	76	205
204	206	69	77	198
205	212	70	89	207
206	211	74	74	199
207	232	70	84	210
208	226	72	82	206
209	222	69	83	208
210	239	76	78	218
211	221	75	83	207
212	219	76	78	206
213	219	80	84	214
214	254	73	88	217
215	230	70	80	236
216	229	74	81	223
217	223	75	85	218
218	246	71	79	234
219	223	81	82	222
220	216	78	80	230
221	227	84	86	232
222	218	80	82	230
223	232	76	91	232
224	215	73	84	234
225	212	72	88	231
226	236	77	89	230
227	248	74	88	246
228	229	82	84	242
229	234	79	83	243
230	232	79	91	248
231	225	81	89	250
232	246	83	83	252
233	232	80	91	239
234	236	79	88	252
235	221	79	92	258
236	235	78	91	251
237	237	82	88	254
238	232	82	92	248
239	230	86	98	258
240	243	80	93	256
241	245	87	92	271
242	240	82	95	259
243	255	81	96	288
244	240	92	94	264
245	233	85	94	279
246	229	91	92	286
247	248	87	93	283
248	259	85	95	276
249	242	89	96	288
250	248	90	94	290
251	254	93	101	296
252	244	89	102	284
253	232	82	102	296
254	254	88	98	302
255	264	86	106	302
256	249	86	102	310
257	238	85	105	294
258	249	90	94	287
259	252	90	101	309
260	244	88	101	321
261	246	104	108	305
262	260	85	102	335
263	267	95	106	328
264	259	89	103	310
265	270	91	96	318
266	254	92	99	329
267	272	94	107	331
268	260	89	104	313
269	242	90	102	352
270	272	99	99	323
271	254	93	108	341
272	255	93	100	338
273	253	94	111	335
274	263	97	109	328
275	271	90	106	330
276	252	97	101	336
277	278	94	105	333
278	255	97	104	340
279	248	98	108	354
280	253	94	110	340
281	265	99	111	365
282	271	94	103	360
283	264	111	112	368
284	242	101	109	366
285	273	97	105	356
286	265	103	106	364
287	266	102	115	348
288	283	98	113	350
289	279	102	113	358
290	268	105	112	379
291	268	105	113	375
292	280	106	117	384
293	279	105	113	380
294	279	105	114	384
295	266	103	109	367
296	295	108	118	383
297	261	102	114	385
298	273	99	116	399
299	288	109	116	414
300	291	108	115	409
301	286	104	121	445
302	278	105	121	421
303	275	102	113	393
304	287	106	121	421
305	267	107	116	411
306	276	106	115	409
307	290	109	118	403
308	294	105	121	439
309	254	105	123	420
310	276	104	122	423
311	299	103	119	433
312	271	117	117	415
313	304	110	121	432
314	275	108	121	441
315	268	112	128	437
316	301	113	122	445
317	286	116	125	447
318	284	108	125	449
319	353	112	123	448
320	278	112	123	456
321	278	117	130	457
322	280	117	127	454
323	294	112	137	458
324	286	113	133	445
325	280	114	123	440
326	288	115	130	450
327	287	112	133	467
328	278	114	126	469
329	307	117	127	464
330	279	116	127	452
331	284	112	130	476
332	286	117	128	466
333	270	115	130	506
334	289	118	129	501
335	295	126	135	518
336	280	113	138	469
337	286	114	131	493
338	308	121	137	504
339	274	130	133	499
340	285	120	130	491
341	299	115	134	528
342	284	121	150	598
343	284	115	131	517
344	359	124	138	503
345	299	120	132	499
346	301	121	134	525
347	287	130	139	545
348	294	125	133	524
349	310	136	138	526
350	290	130	141	537
351	305	122	143	514
352	284	122	137	510
353	295	125	135	532
354	279	120	144	557
355	311	124	133	580
356	290	123	146	547
357	310	124	144	578
358	279	132	149	535
359	314	126	138	618
360	314	130	139	551
361	308	127	143	571
362	319	130	163	659
363	325	133	142	585
364	320	128	149	553
365	309	134	140	590
366	308	131	148	577
367	314	127	144	597
368	308	134	147	600
369	316	130	146	650
370	311	132	146	588
371	316	132	145	583
372	323	129	148	611
373	313	133	148	644
374	295	151	152	602
375	300	136	155	677
376	317	135	147	673
377	309	136	143	625
378	317	135	156	597
379	318	138	149	607
380	315	138	159	632
381	304	135	152	611
382	324	148	156	705
383	318	145	162	619
384	331	135	153	639
385	297	143	147	702
386	328	138	151	646
387	302	135	159	660
388	321	138	157	662
389	338	137	161	677
390	309	138	158	680
391	299	137	162	667
392	325	146	152	688
393	320	151	153	762
394	350	137	160	651
395	319	145	155	709
396	327	143	161	691
397	325	141	156	683
398	327	148	163	696
399	330	146	157	719
400	332	142	158	691
401	319	145	157	738
402	325	152	158	786
403	322	145	171	712
404	334	147	156	736
405	345	145	168	741
406	367	147	171	769
407	341	142	163	739
408	327	152	170	762
409	346	152	161	790
410	355	149	171	772
411	337	155	163	774
412	334	157	165	743
413	364	153	169	804
414	348	153	167	737
415	334	153	176	797
416	393	149	163	791
417	340	147	172	795
418	347	157	169	825
419	350	159	174	790
420	348	153	168	834
421	340	161	178	797
422	341	148	184	812
423	354	159	188	925
424	334	147	177	786
425	346	155	180	842
426	343	169	176	791
427	337	153	172	856
428	342	156	164	847
429	364	158	171	862
430	334	182	172	893
431	358	160	175	859
432	357	155	169	823
433	335	163	169	903
434	337	158	173	860
435	347	154	174	822
436	377	157	176	900
437	350	164	183	853
438	358	168	185	858
439	341	155	169	862
440	353	161	184	864
441	366	164	185	843
442	346	163	185	834
443	371	161	179	914
444	351	158	176	852
445	366	158	183	900
446	365	166	183	927
447	353	164	182	931
448	363	161	204	925
449	355	170	182	1000
450	349	171	177	1000
451	365	163	189	880
452	368	172	183	1000
453	368	170	178	913
454	352	166	176	1000
455	358	170	178	1000
456	360	165	191	940
457	381	169	187	1000
458	355	175	187	924
459	357	169	185	1000
460	379	168	190	1000
461	355	181	182	1000
462	370	170	197	1000
463	388	185	189	1000
464	371	180	192	944
465	363	180	217	1000
466	377	166	191	1000
467	362	175	188	1000
468	361	175	181	1000
469	369	179	192	1000
470	362	173	183	1000
471	402	173	191	1100
472	361	187	190	1100
473	399	189	197	1000
474	384	175	191	1100
475	394	178	185	1100
476	368	173	202	1100
477	368	185	203	1000
478	357	168	196	1100
479	380	181	204	1100
480	371	168	209	1100
481	382	172	194	1100
482	380	181	197	1200
483	374	188	195	1200
484	356	196	209	1100
485	357	179	197	1200
486	374	179	199	1200
487	361	182	205	1100
488	424	184	196	1200
489	397	187	208	1200
490	458	178	198	1100
491	420	193	208	1100
492	416	182	205	1100
493	399	176	198	1200
494	406	184	196	1200
495	392	186	209	1200
496	416	190	200	1200
497	373	196	200	1200
498	377	180	216	1200
499	418	194	195	1200
500	385	191	209	1200
501	434	192	205	1300
502	380	190	210	1200
503	409	185	200	1100
504	406	186	207	1200
505	396	184	205	1200
506	417	191	207	1300
507	402	188	198	1300
508	413	192	205	1200
509	385	189	206	1200
510	451	187	212	1300
511	417	196	211	1200
512	390	197	201	1200
